0	0	0	0
0	0	2.5	4.33013
0	0	5	0
0	0		
0	1	5	0
0	1	7.5	4.33013
0	1	10	0
0	1		
0	2	10	0
0	2	12.5	4.33013
0	2	15	0
0	2		
0	3	15	0
0	3	17.5	4.33013
0	3	20	0
0	3		
0	4	20	0
0	4	22.5	4.33013
0	4	25	0
0	4		
0	5	25	0
0	5	27.5	4.33013
0	5	30	0
0	5		
0	6	30	0
0	6	32.5	4.33013
0	6	35	0
0	6		
0	7	35	0
0	7	37.5	4.33013
0	7	40	0
0	7		
0	8	40	0
0	8	42.5	4.33013
0	8	45	0
0	8		
0	9	45	0
0	9	47.5	4.33013
0	9	0	0
0	9		
0	0	2.5	4.33013
0	0	7.5	4.33013
0	0	5	0
0	0		
0	1	7.5	4.33013
0	1	12.5	4.33013
0	1	10	0
0	1		
0	2	12.5	4.33013
0	2	17.5	4.33013
0	2	15	0
0	2		
0	3	17.5	4.33013
0	3	22.5	4.33013
0	3	20	0
0	3		
0	4	22.5	4.33013
0	4	27.5	4.33013
0	4	25	0
0	4		
0	5	27.5	4.33013
0	5	32.5	4.33013
0	5	30	0
0	5		
0	6	32.5	4.33013
0	6	37.5	4.33013
0	6	35	0
0	6		
0	7	37.5	4.33013
0	7	42.5	4.33013
0	7	40	0
0	7		
0	8	42.5	4.33013
0	8	47.5	4.33013
0	8	45	0
0	8		
0	9	47.5	4.33013
0	9	0	0
0	9	0	0
0	9		
1	0	2.5	4.33013
1	0	0	8.66025
1	0	7.5	4.33013
1	0		
1	1	7.5	4.33013
1	1	5	8.66025
1	1	12.5	4.33013
1	1		
1	2	12.5	4.33013
1	2	10	8.66025
1	2	17.5	4.33013
1	2		
1	3	17.5	4.33013
1	3	15	8.66025
1	3	22.5	4.33013
1	3		
1	4	22.5	4.33013
1	4	20	8.66025
1	4	27.5	4.33013
1	4		
1	5	27.5	4.33013
1	5	25	8.66025
1	5	32.5	4.33013
1	5		
1	6	32.5	4.33013
1	6	30	8.66025
1	6	37.5	4.33013
1	6		
1	7	37.5	4.33013
1	7	35	8.66025
1	7	42.5	4.33013
1	7		
1	8	42.5	4.33013
1	8	40	8.66025
1	8	47.5	4.33013
1	8		
1	9	47.5	4.33013
1	9	45	8.66025
1	9	0	0
1	9		
1	0	0	8.66025
1	0	5	8.66025
1	0	7.5	4.33013
1	0		
1	1	5	8.66025
1	1	10	8.66025
1	1	12.5	4.33013
1	1		
1	2	10	8.66025
1	2	15	8.66025
1	2	17.5	4.33013
1	2		
1	3	15	8.66025
1	3	20	8.66025
1	3	22.5	4.33013
1	3		
1	4	20	8.66025
1	4	25	8.66025
1	4	27.5	4.33013
1	4		
1	5	25	8.66025
1	5	30	8.66025
1	5	32.5	4.33013
1	5		
1	6	30	8.66025
1	6	35	8.66025
1	6	37.5	4.33013
1	6		
1	7	35	8.66025
1	7	40	8.66025
1	7	42.5	4.33013
1	7		
1	8	40	8.66025
1	8	45	8.66025
1	8	47.5	4.33013
1	8		
1	9	45	8.66025
1	9	0	0
1	9	0	0
1	9		
2	0	0	8.66025
2	0	2.5	12.9904
2	0	5	8.66025
2	0		
2	1	5	8.66025
2	1	7.5	12.9904
2	1	10	8.66025
2	1		
2	2	10	8.66025
2	2	12.5	12.9904
2	2	15	8.66025
2	2		
2	3	15	8.66025
2	3	17.5	12.9904
2	3	20	8.66025
2	3		
2	4	20	8.66025
2	4	22.5	12.9904
2	4	25	8.66025
2	4		
2	5	25	8.66025
2	5	27.5	12.9904
2	5	30	8.66025
2	5		
2	6	30	8.66025
2	6	32.5	12.9904
2	6	35	8.66025
2	6		
2	7	35	8.66025
2	7	37.5	12.9904
2	7	40	8.66025
2	7		
2	8	40	8.66025
2	8	42.5	12.9904
2	8	45	8.66025
2	8		
2	9	45	8.66025
2	9	47.5	12.9904
2	9	0	0
2	9		
2	0	2.5	12.9904
2	0	7.5	12.9904
2	0	5	8.66025
2	0		
2	1	7.5	12.9904
2	1	12.5	12.9904
2	1	10	8.66025
2	1		
2	2	12.5	12.9904
2	2	17.5	12.9904
2	2	15	8.66025
2	2		
2	3	17.5	12.9904
2	3	22.5	12.9904
2	3	20	8.66025
2	3		
2	4	22.5	12.9904
2	4	27.5	12.9904
2	4	25	8.66025
2	4		
2	5	27.5	12.9904
2	5	32.5	12.9904
2	5	30	8.66025
2	5		
2	6	32.5	12.9904
2	6	37.5	12.9904
2	6	35	8.66025
2	6		
2	7	37.5	12.9904
2	7	42.5	12.9904
2	7	40	8.66025
2	7		
2	8	42.5	12.9904
2	8	47.5	12.9904
2	8	45	8.66025
2	8		
2	9	47.5	12.9904
2	9	0	0
2	9	0	0
2	9		
3	0	2.5	12.9904
3	0	0	17.3205
3	0	7.5	12.9904
3	0		
3	1	7.5	12.9904
3	1	5	17.3205
3	1	12.5	12.9904
3	1		
3	2	12.5	12.9904
3	2	10	17.3205
3	2	17.5	12.9904
3	2		
3	3	17.5	12.9904
3	3	15	17.3205
3	3	22.5	12.9904
3	3		
3	4	22.5	12.9904
3	4	20	17.3205
3	4	27.5	12.9904
3	4		
3	5	27.5	12.9904
3	5	25	17.3205
3	5	32.5	12.9904
3	5		
3	6	32.5	12.9904
3	6	30	17.3205
3	6	37.5	12.9904
3	6		
3	7	37.5	12.9904
3	7	35	17.3205
3	7	42.5	12.9904
3	7		
3	8	42.5	12.9904
3	8	40	17.3205
3	8	47.5	12.9904
3	8		
3	9	47.5	12.9904
3	9	45	17.3205
3	9	0	0
3	9		
3	0	0	17.3205
3	0	5	17.3205
3	0	7.5	12.9904
3	0		
3	1	5	17.3205
3	1	10	17.3205
3	1	12.5	12.9904
3	1		
3	2	10	17.3205
3	2	15	17.3205
3	2	17.5	12.9904
3	2		
3	3	15	17.3205
3	3	20	17.3205
3	3	22.5	12.9904
3	3		
3	4	20	17.3205
3	4	25	17.3205
3	4	27.5	12.9904
3	4		
3	5	25	17.3205
3	5	30	17.3205
3	5	32.5	12.9904
3	5		
3	6	30	17.3205
3	6	35	17.3205
3	6	37.5	12.9904
3	6		
3	7	35	17.3205
3	7	40	17.3205
3	7	42.5	12.9904
3	7		
3	8	40	17.3205
3	8	45	17.3205
3	8	47.5	12.9904
3	8		
3	9	45	17.3205
3	9	0	0
3	9	0	0
3	9		
4	0	0	17.3205
4	0	2.5	21.6506
4	0	5	17.3205
4	0		
4	1	5	17.3205
4	1	7.5	21.6506
4	1	10	17.3205
4	1		
4	2	10	17.3205
4	2	12.5	21.6506
4	2	15	17.3205
4	2		
4	3	15	17.3205
4	3	17.5	21.6506
4	3	20	17.3205
4	3		
4	4	20	17.3205
4	4	22.5	21.6506
4	4	25	17.3205
4	4		
4	5	25	17.3205
4	5	27.5	21.6506
4	5	30	17.3205
4	5		
4	6	30	17.3205
4	6	32.5	21.6506
4	6	35	17.3205
4	6		
4	7	35	17.3205
4	7	37.5	21.6506
4	7	40	17.3205
4	7		
4	8	40	17.3205
4	8	42.5	21.6506
4	8	45	17.3205
4	8		
4	9	45	17.3205
4	9	47.5	21.6506
4	9	0	0
4	9		
4	0	2.5	21.6506
4	0	7.5	21.6506
4	0	5	17.3205
4	0		
4	1	7.5	21.6506
4	1	12.5	21.6506
4	1	10	17.3205
4	1		
4	2	12.5	21.6506
4	2	17.5	21.6506
4	2	15	17.3205
4	2		
4	3	17.5	21.6506
4	3	22.5	21.6506
4	3	20	17.3205
4	3		
4	4	22.5	21.6506
4	4	27.5	21.6506
4	4	25	17.3205
4	4		
4	5	27.5	21.6506
4	5	32.5	21.6506
4	5	30	17.3205
4	5		
4	6	32.5	21.6506
4	6	37.5	21.6506
4	6	35	17.3205
4	6		
4	7	37.5	21.6506
4	7	42.5	21.6506
4	7	40	17.3205
4	7		
4	8	42.5	21.6506
4	8	47.5	21.6506
4	8	45	17.3205
4	8		
4	9	47.5	21.6506
4	9	0	0
4	9	0	0
4	9		
5	0	2.5	21.6506
5	0	0	25.9808
5	0	7.5	21.6506
5	0		
5	1	7.5	21.6506
5	1	5	25.9808
5	1	12.5	21.6506
5	1		
5	2	12.5	21.6506
5	2	10	25.9808
5	2	17.5	21.6506
5	2		
5	3	17.5	21.6506
5	3	15	25.9808
5	3	22.5	21.6506
5	3		
5	4	22.5	21.6506
5	4	20	25.9808
5	4	27.5	21.6506
5	4		
5	5	27.5	21.6506
5	5	25	25.9808
5	5	32.5	21.6506
5	5		
5	6	32.5	21.6506
5	6	30	25.9808
5	6	37.5	21.6506
5	6		
5	7	37.5	21.6506
5	7	35	25.9808
5	7	42.5	21.6506
5	7		
5	8	42.5	21.6506
5	8	40	25.9808
5	8	47.5	21.6506
5	8		
5	9	47.5	21.6506
5	9	45	25.9808
5	9	0	0
5	9		
5	0	0	25.9808
5	0	5	25.9808
5	0	7.5	21.6506
5	0		
5	1	5	25.9808
5	1	10	25.9808
5	1	12.5	21.6506
5	1		
5	2	10	25.9808
5	2	15	25.9808
5	2	17.5	21.6506
5	2		
5	3	15	25.9808
5	3	20	25.9808
5	3	22.5	21.6506
5	3		
5	4	20	25.9808
5	4	25	25.9808
5	4	27.5	21.6506
5	4		
5	5	25	25.9808
5	5	30	25.9808
5	5	32.5	21.6506
5	5		
5	6	30	25.9808
5	6	35	25.9808
5	6	37.5	21.6506
5	6		
5	7	35	25.9808
5	7	40	25.9808
5	7	42.5	21.6506
5	7		
5	8	40	25.9808
5	8	45	25.9808
5	8	47.5	21.6506
5	8		
5	9	45	25.9808
5	9	0	0
5	9	0	0
5	9		
6	0	0	25.9808
6	0	2.5	30.3109
6	0	5	25.9808
6	0		
6	1	5	25.9808
6	1	7.5	30.3109
6	1	10	25.9808
6	1		
6	2	10	25.9808
6	2	12.5	30.3109
6	2	15	25.9808
6	2		
6	3	15	25.9808
6	3	17.5	30.3109
6	3	20	25.9808
6	3		
6	4	20	25.9808
6	4	22.5	30.3109
6	4	25	25.9808
6	4		
6	5	25	25.9808
6	5	27.5	30.3109
6	5	30	25.9808
6	5		
6	6	30	25.9808
6	6	32.5	30.3109
6	6	35	25.9808
6	6		
6	7	35	25.9808
6	7	37.5	30.3109
6	7	40	25.9808
6	7		
6	8	40	25.9808
6	8	42.5	30.3109
6	8	45	25.9808
6	8		
6	9	45	25.9808
6	9	47.5	30.3109
6	9	0	0
6	9		
6	0	2.5	30.3109
6	0	7.5	30.3109
6	0	5	25.9808
6	0		
6	1	7.5	30.3109
6	1	12.5	30.3109
6	1	10	25.9808
6	1		
6	2	12.5	30.3109
6	2	17.5	30.3109
6	2	15	25.9808
6	2		
6	3	17.5	30.3109
6	3	22.5	30.3109
6	3	20	25.9808
6	3		
6	4	22.5	30.3109
6	4	27.5	30.3109
6	4	25	25.9808
6	4		
6	5	27.5	30.3109
6	5	32.5	30.3109
6	5	30	25.9808
6	5		
6	6	32.5	30.3109
6	6	37.5	30.3109
6	6	35	25.9808
6	6		
6	7	37.5	30.3109
6	7	42.5	30.3109
6	7	40	25.9808
6	7		
6	8	42.5	30.3109
6	8	47.5	30.3109
6	8	45	25.9808
6	8		
6	9	47.5	30.3109
6	9	0	0
6	9	0	0
6	9		
7	0	2.5	30.3109
7	0	0	34.641
7	0	7.5	30.3109
7	0		
7	1	7.5	30.3109
7	1	5	34.641
7	1	12.5	30.3109
7	1		
7	2	12.5	30.3109
7	2	10	34.641
7	2	17.5	30.3109
7	2		
7	3	17.5	30.3109
7	3	15	34.641
7	3	22.5	30.3109
7	3		
7	4	22.5	30.3109
7	4	20	34.641
7	4	27.5	30.3109
7	4		
7	5	27.5	30.3109
7	5	25	34.641
7	5	32.5	30.3109
7	5		
7	6	32.5	30.3109
7	6	30	34.641
7	6	37.5	30.3109
7	6		
7	7	37.5	30.3109
7	7	35	34.641
7	7	42.5	30.3109
7	7		
7	8	42.5	30.3109
7	8	40	34.641
7	8	47.5	30.3109
7	8		
7	9	47.5	30.3109
7	9	45	34.641
7	9	0	0
7	9		
7	0	0	34.641
7	0	5	34.641
7	0	7.5	30.3109
7	0		
7	1	5	34.641
7	1	10	34.641
7	1	12.5	30.3109
7	1		
7	2	10	34.641
7	2	15	34.641
7	2	17.5	30.3109
7	2		
7	3	15	34.641
7	3	20	34.641
7	3	22.5	30.3109
7	3		
7	4	20	34.641
7	4	25	34.641
7	4	27.5	30.3109
7	4		
7	5	25	34.641
7	5	30	34.641
7	5	32.5	30.3109
7	5		
7	6	30	34.641
7	6	35	34.641
7	6	37.5	30.3109
7	6		
7	7	35	34.641
7	7	40	34.641
7	7	42.5	30.3109
7	7		
7	8	40	34.641
7	8	45	34.641
7	8	47.5	30.3109
7	8		
7	9	45	34.641
7	9	0	0
7	9	0	0
7	9		
8	0	0	34.641
8	0	2.5	38.9711
8	0	5	34.641
8	0		
8	1	5	34.641
8	1	7.5	38.9711
8	1	10	34.641
8	1		
8	2	10	34.641
8	2	12.5	38.9711
8	2	15	34.641
8	2		
8	3	15	34.641
8	3	17.5	38.9711
8	3	20	34.641
8	3		
8	4	20	34.641
8	4	22.5	38.9711
8	4	25	34.641
8	4		
8	5	25	34.641
8	5	27.5	38.9711
8	5	30	34.641
8	5		
8	6	30	34.641
8	6	32.5	38.9711
8	6	35	34.641
8	6		
8	7	35	34.641
8	7	37.5	38.9711
8	7	40	34.641
8	7		
8	8	40	34.641
8	8	42.5	38.9711
8	8	45	34.641
8	8		
8	9	45	34.641
8	9	47.5	38.9711
8	9	0	0
8	9		
8	0	2.5	38.9711
8	0	7.5	38.9711
8	0	5	34.641
8	0		
8	1	7.5	38.9711
8	1	12.5	38.9711
8	1	10	34.641
8	1		
8	2	12.5	38.9711
8	2	17.5	38.9711
8	2	15	34.641
8	2		
8	3	17.5	38.9711
8	3	22.5	38.9711
8	3	20	34.641
8	3		
8	4	22.5	38.9711
8	4	27.5	38.9711
8	4	25	34.641
8	4		
8	5	27.5	38.9711
8	5	32.5	38.9711
8	5	30	34.641
8	5		
8	6	32.5	38.9711
8	6	37.5	38.9711
8	6	35	34.641
8	6		
8	7	37.5	38.9711
8	7	42.5	38.9711
8	7	40	34.641
8	7		
8	8	42.5	38.9711
8	8	47.5	38.9711
8	8	45	34.641
8	8		
8	9	47.5	38.9711
8	9	0	0
8	9	0	0
8	9		
9	0	2.5	38.9711
