0	0	0	0
2.5	0	0	0
5	0	0	0
7.5	0	0	0
10	0	0	0
12.5	0	0	0
15	0	0	0
17.5	0	0	0
20	0	0	0
22.5	0	0	0
25	0	0	0
27.5	0	0	0
30	0	0	0
32.5	0	0	0
35	0	0	0
37.5	0	0	0
40	0	0	0
42.5	0	0	0
45	0	0	0
47.5	0	0	0
1.25	2.16506	0	0
3.75	2.16506	0	0
6.25	2.16506	0	0
8.75	2.16506	0	0
11.25	2.16506	0	0
13.75	2.16506	0	0
16.25	2.16506	0	0
18.75	2.16506	0	0
21.25	2.16506	0	0
23.75	2.16506	0	0
26.25	2.16506	0	0
28.75	2.16506	0	0
31.25	2.16506	0	0
33.75	2.16506	0	0
36.25	2.16506	0	0
38.75	2.16506	0	0
41.25	2.16506	0	0
43.75	2.16506	0	0
46.25	2.16506	0	0
48.75	2.16506	0	0
0	4.33013	0	0
2.5	4.33013	0	0
5	4.33013	0	0
7.5	4.33013	0	0
10	4.33013	0	0
12.5	4.33013	0	0
15	4.33013	0	0
17.5	4.33013	0	0
20	4.33013	0	0
22.5	4.33013	0	0
25	4.33013	0	0
27.5	4.33013	0	0
30	4.33013	0	0
32.5	4.33013	0	0
35	4.33013	0	0
37.5	4.33013	0	0
40	4.33013	0	0
42.5	4.33013	0	0
45	4.33013	0	0
47.5	4.33013	0	0
1.25	6.49519	0	0
3.75	6.49519	0	0
6.25	6.49519	0	0
8.75	6.49519	0	0
11.25	6.49519	0	0
13.75	6.49519	0	0
16.25	6.49519	0	0
18.75	6.49519	0	0
21.25	6.49519	0	0
23.75	6.49519	0	0
26.25	6.49519	0	0
28.75	6.49519	0	0
31.25	6.49519	0	0
33.75	6.49519	0	0
36.25	6.49519	0	0
38.75	6.49519	0	0
41.25	6.49519	0	0
43.75	6.49519	0	0
46.25	6.49519	0	0
48.75	6.49519	0	0
0	8.66025	0	0
2.5	8.66025	0	0
5	8.66025	0	0
7.5	8.66025	0	0
10	8.66025	0	0
12.5	8.66025	0	0
15	8.66025	0	0
17.5	8.66025	0	0
20	8.66025	0	0
22.5	8.66025	0	0
25	8.66025	0	0
27.5	8.66025	0	0
30	8.66025	0	0
32.5	8.66025	0	0
35	8.66025	0	0
37.5	8.66025	0	0
40	8.66025	0	0
42.5	8.66025	0	0
45	8.66025	0	0
47.5	8.66025	0	0
1.25	10.8253	0	0
3.75	10.8253	0	0
6.25	10.8253	0	0
8.75	10.8253	0	0
11.25	10.8253	0	0
13.75	10.8253	0	0
16.25	10.8253	0	0
18.75	10.8253	0	0
21.25	10.8253	0	0
23.75	10.8253	0	0
26.25	10.8253	0	0
28.75	10.8253	0	0
31.25	10.8253	0	0
33.75	10.8253	0	0
36.25	10.8253	0	0
38.75	10.8253	0	0
41.25	10.8253	0	0
43.75	10.8253	0	0
46.25	10.8253	0	0
48.75	10.8253	0	0
0	12.9904	0	0
2.5	12.9904	0	0
5	12.9904	0	0
7.5	12.9904	0	0
10	12.9904	0	0
12.5	12.9904	0	0
15	12.9904	0	0
17.5	12.9904	0	0
20	12.9904	0	0
22.5	12.9904	0	0
25	12.9904	0	0
27.5	12.9904	0	0
30	12.9904	0	0
32.5	12.9904	0	0
35	12.9904	0	0
37.5	12.9904	0	0
40	12.9904	0	0
42.5	12.9904	0	0
45	12.9904	0	0
47.5	12.9904	0	0
1.25	15.1554	0	0
3.75	15.1554	0	0
6.25	15.1554	0	0
8.75	15.1554	0	0
11.25	15.1554	0	0
13.75	15.1554	0	0
16.25	15.1554	0	0
18.75	15.1554	0	0
21.25	15.1554	0	0
23.75	15.1554	0	0
26.25	15.1554	0	0
28.75	15.1554	0	0
31.25	15.1554	0	0
33.75	15.1554	0	0
36.25	15.1554	0	0
38.75	15.1554	0	0
41.25	15.1554	0	0
43.75	15.1554	0	0
46.25	15.1554	0	0
48.75	15.1554	0	0
0	17.3205	0	0
2.5	17.3205	0	0
5	17.3205	0	0
7.5	17.3205	0	0
10	17.3205	0	0
12.5	17.3205	0	0
15	17.3205	0	0
17.5	17.3205	0	0
20	17.3205	0	0
22.5	17.3205	0	0
25	17.3205	0	0
27.5	17.3205	0	0
30	17.3205	0	0
32.5	17.3205	0	0
35	17.3205	0	0
37.5	17.3205	0	0
40	17.3205	0	0
42.5	17.3205	0	0
45	17.3205	0	0
47.5	17.3205	0	0
1.25	19.4856	0	0
3.75	19.4856	0	0
6.25	19.4856	0	0
8.75	19.4856	0	0
11.25	19.4856	0	0
13.75	19.4856	0	0
16.25	19.4856	0	0
18.75	19.4856	0	0
21.25	19.4856	0	0
23.75	19.4856	0	0
26.25	19.4856	0	0
28.75	19.4856	0	0
31.25	19.4856	0	0
33.75	19.4856	0	0
36.25	19.4856	0	0
38.75	19.4856	0	0
41.25	19.4856	0	0
43.75	19.4856	0	0
46.25	19.4856	0	0
48.75	19.4856	0	0
0	21.6506	0	0
2.5	21.6506	0	0
5	21.6506	0	0
7.5	21.6506	0	0
10	21.6506	0	0
12.5	21.6506	0	0
15	21.6506	0	0
17.5	21.6506	0	0
20	21.6506	0	0
22.5	21.6506	0	0
25	21.6506	0	0
27.5	21.6506	0	0
30	21.6506	0	0
32.5	21.6506	0	0
35	21.6506	0	0
37.5	21.6506	0	0
40	21.6506	0	0
42.5	21.6506	0	0
45	21.6506	0	0
47.5	21.6506	0	0
1.25	23.8157	0	0
3.75	23.8157	0	0
6.25	23.8157	0	0
8.75	23.8157	0	0
11.25	23.8157	0	0
13.75	23.8157	0	0
16.25	23.8157	0	0
18.75	23.8157	0	0
21.25	23.8157	0	0
23.75	23.8157	0	0
26.25	23.8157	0	0
28.75	23.8157	0	0
31.25	23.8157	0	0
33.75	23.8157	0	0
36.25	23.8157	0	0
38.75	23.8157	0	0
41.25	23.8157	0	0
43.75	23.8157	0	0
46.25	23.8157	0	0
48.75	23.8157	0	0
0	25.9808	0	0
2.5	25.9808	0	0
5	25.9808	0	0
7.5	25.9808	0	0
10	25.9808	0	0
12.5	25.9808	0	0
15	25.9808	0	0
17.5	25.9808	0	0
20	25.9808	0	0
22.5	25.9808	0	0
25	25.9808	0	0
27.5	25.9808	0	0
30	25.9808	0	0
32.5	25.9808	0	0
35	25.9808	0	0
37.5	25.9808	0	0
40	25.9808	0	0
42.5	25.9808	0	0
45	25.9808	0	0
47.5	25.9808	0	0
1.25	28.1458	0	0
3.75	28.1458	0	0
6.25	28.1458	0	0
8.75	28.1458	0	0
11.25	28.1458	0	0
13.75	28.1458	0	0
16.25	28.1458	0	0
18.75	28.1458	0	0
21.25	28.1458	0	0
23.75	28.1458	0	0
26.25	28.1458	0	0
28.75	28.1458	0	0
31.25	28.1458	0	0
33.75	28.1458	0	0
36.25	28.1458	0	0
38.75	28.1458	0	0
41.25	28.1458	0	0
43.75	28.1458	0	0
46.25	28.1458	0	0
48.75	28.1458	0	0
0	30.3109	0	0
2.5	30.3109	0	0
5	30.3109	0	0
7.5	30.3109	0	0
10	30.3109	0	0
12.5	30.3109	0	0
15	30.3109	0	0
17.5	30.3109	0	0
20	30.3109	0	0
22.5	30.3109	0	0
25	30.3109	0	0
27.5	30.3109	0	0
30	30.3109	0	0
32.5	30.3109	0	0
35	30.3109	0	0
37.5	30.3109	0	0
40	30.3109	0	0
42.5	30.3109	0	0
45	30.3109	0	0
47.5	30.3109	0	0
1.25	32.476	0	0
3.75	32.476	0	0
6.25	32.476	0	0
8.75	32.476	0	0
11.25	32.476	0	0
13.75	32.476	0	0
16.25	32.476	0	0
18.75	32.476	0	0
21.25	32.476	0	0
23.75	32.476	0	0
26.25	32.476	0	0
28.75	32.476	0	0
31.25	32.476	0	0
33.75	32.476	0	0
36.25	32.476	0	0
38.75	32.476	0	0
41.25	32.476	0	0
43.75	32.476	0	0
46.25	32.476	0	0
48.75	32.476	0	0
0	34.641	0	0
2.5	34.641	0	0
5	34.641	0	0
7.5	34.641	0	0
10	34.641	0	0
12.5	34.641	0	0
15	34.641	0	0
17.5	34.641	0	0
20	34.641	0	0
22.5	34.641	0	0
25	34.641	0	0
27.5	34.641	0	0
30	34.641	0	0
32.5	34.641	0	0
35	34.641	0	0
37.5	34.641	0	0
40	34.641	0	0
42.5	34.641	0	0
45	34.641	0	0
47.5	34.641	0	0
1.25	36.8061	0	0
3.75	36.8061	0	0
6.25	36.8061	0	0
8.75	36.8061	0	0
11.25	36.8061	0	0
13.75	36.8061	0	0
16.25	36.8061	0	0
18.75	36.8061	0	0
21.25	36.8061	0	0
23.75	36.8061	0	0
26.25	36.8061	0	0
28.75	36.8061	0	0
31.25	36.8061	0	0
33.75	36.8061	0	0
36.25	36.8061	0	0
38.75	36.8061	0	0
41.25	36.8061	0	0
43.75	36.8061	0	0
46.25	36.8061	0	0
48.75	36.8061	0	0
0	38.9711	0	0
2.5	38.9711	0	0
5	38.9711	0	0
7.5	38.9711	0	0
10	38.9711	0	0
12.5	38.9711	0	0
15	38.9711	0	0
17.5	38.9711	0	0
20	38.9711	0	0
22.5	38.9711	0	0
25	38.9711	0	0
27.5	38.9711	0	0
30	38.9711	0	0
32.5	38.9711	0	0
35	38.9711	0	0
37.5	38.9711	0	0
40	38.9711	0	0
42.5	38.9711	0	0
45	38.9711	0	0
47.5	38.9711	0	0
1.25	41.1362	0	0
3.75	41.1362	0	0
6.25	41.1362	0	0
8.75	41.1362	0	0
11.25	41.1362	0	0
13.75	41.1362	0	0
16.25	41.1362	0	0
18.75	41.1362	0	0
21.25	41.1362	0	0
23.75	41.1362	0	0
26.25	41.1362	0	0
28.75	41.1362	0	0
31.25	41.1362	0	0
33.75	41.1362	0	0
36.25	41.1362	0	0
38.75	41.1362	0	0
41.25	41.1362	0	0
43.75	41.1362	0	0
46.25	41.1362	0	0
48.75	41.1362	0	0
 
0	0	nan	nan
2.5	0	nan	nan
5	0	nan	nan
7.5	0	nan	nan
10	0	nan	nan
12.5	0	nan	nan
15	0	nan	nan
17.5	0	nan	nan
20	0	nan	nan
22.5	0	nan	nan
25	0	nan	nan
27.5	0	nan	nan
30	0	nan	nan
32.5	0	nan	nan
35	0	nan	nan
37.5	0	nan	nan
40	0	nan	nan
42.5	0	nan	nan
45	0	nan	nan
47.5	0	nan	nan
1.25	2.16506	nan	nan
3.75	2.16506	nan	nan
6.25	2.16506	nan	nan
8.75	2.16506	nan	nan
11.25	2.16506	nan	nan
13.75	2.16506	nan	nan
16.25	2.16506	nan	nan
18.75	2.16506	nan	nan
21.25	2.16506	nan	nan
23.75	2.16506	nan	nan
26.25	2.16506	nan	nan
28.75	2.16506	nan	nan
31.25	2.16506	nan	nan
33.75	2.16506	nan	nan
36.25	2.16506	nan	nan
38.75	2.16506	nan	nan
41.25	2.16506	nan	nan
43.75	2.16506	nan	nan
46.25	2.16506	nan	nan
48.75	2.16506	nan	nan
0	4.33013	nan	nan
2.5	4.33013	nan	nan
5	4.33013	nan	nan
7.5	4.33013	nan	nan
10	4.33013	nan	nan
12.5	4.33013	nan	nan
15	4.33013	nan	nan
17.5	4.33013	nan	nan
20	4.33013	nan	nan
22.5	4.33013	nan	nan
25	4.33013	nan	nan
27.5	4.33013	nan	nan
30	4.33013	nan	nan
32.5	4.33013	nan	nan
35	4.33013	nan	nan
37.5	4.33013	nan	nan
40	4.33013	nan	nan
42.5	4.33013	nan	nan
45	4.33013	nan	nan
47.5	4.33013	nan	nan
1.25	6.49519	nan	nan
3.75	6.49519	nan	nan
6.25	6.49519	nan	nan
8.75	6.49519	nan	nan
11.25	6.49519	nan	nan
13.75	6.49519	nan	nan
16.25	6.49519	nan	nan
18.75	6.49519	nan	nan
21.25	6.49519	nan	nan
23.75	6.49519	nan	nan
26.25	6.49519	nan	nan
28.75	6.49519	nan	nan
31.25	6.49519	nan	nan
33.75	6.49519	nan	nan
36.25	6.49519	nan	nan
38.75	6.49519	nan	nan
41.25	6.49519	nan	nan
43.75	6.49519	nan	nan
46.25	6.49519	nan	nan
48.75	6.49519	nan	nan
0	8.66025	nan	nan
2.5	8.66025	nan	nan
5	8.66025	nan	nan
7.5	8.66025	nan	nan
10	8.66025	nan	nan
12.5	8.66025	nan	nan
15	8.66025	nan	nan
17.5	8.66025	nan	nan
20	8.66025	nan	nan
22.5	8.66025	nan	nan
25	8.66025	nan	nan
27.5	8.66025	nan	nan
30	8.66025	nan	nan
32.5	8.66025	nan	nan
35	8.66025	nan	nan
37.5	8.66025	nan	nan
40	8.66025	nan	nan
42.5	8.66025	nan	nan
45	8.66025	nan	nan
47.5	8.66025	nan	nan
1.25	10.8253	nan	nan
3.75	10.8253	nan	nan
6.25	10.8253	nan	nan
8.75	10.8253	nan	nan
11.25	10.8253	nan	nan
13.75	10.8253	nan	nan
16.25	10.8253	nan	nan
18.75	10.8253	nan	nan
21.25	10.8253	nan	nan
23.75	10.8253	nan	nan
26.25	10.8253	nan	nan
28.75	10.8253	nan	nan
31.25	10.8253	nan	nan
33.75	10.8253	nan	nan
36.25	10.8253	nan	nan
38.75	10.8253	nan	nan
41.25	10.8253	nan	nan
43.75	10.8253	nan	nan
46.25	10.8253	nan	nan
48.75	10.8253	nan	nan
0	12.9904	nan	nan
2.5	12.9904	nan	nan
5	12.9904	nan	nan
7.5	12.9904	nan	nan
10	12.9904	nan	nan
12.5	12.9904	nan	nan
15	12.9904	nan	nan
17.5	12.9904	nan	nan
20	12.9904	nan	nan
22.5	12.9904	nan	nan
25	12.9904	nan	nan
27.5	12.9904	nan	nan
30	12.9904	nan	nan
32.5	12.9904	nan	nan
35	12.9904	nan	nan
37.5	12.9904	nan	nan
40	12.9904	nan	nan
42.5	12.9904	nan	nan
45	12.9904	nan	nan
47.5	12.9904	nan	nan
1.25	15.1554	nan	nan
3.75	15.1554	nan	nan
6.25	15.1554	nan	nan
8.75	15.1554	nan	nan
11.25	15.1554	nan	nan
13.75	15.1554	nan	nan
16.25	15.1554	nan	nan
18.75	15.1554	nan	nan
21.25	15.1554	nan	nan
23.75	15.1554	nan	nan
26.25	15.1554	nan	nan
28.75	15.1554	nan	nan
31.25	15.1554	nan	nan
33.75	15.1554	nan	nan
36.25	15.1554	nan	nan
38.75	15.1554	nan	nan
41.25	15.1554	nan	nan
43.75	15.1554	nan	nan
46.25	15.1554	nan	nan
48.75	15.1554	nan	nan
0	17.3205	nan	nan
2.5	17.3205	nan	nan
5	17.3205	nan	nan
7.5	17.3205	nan	nan
10	17.3205	nan	nan
12.5	17.3205	nan	nan
15	17.3205	nan	nan
17.5	17.3205	nan	nan
20	17.3205	nan	nan
22.5	17.3205	nan	nan
25	17.3205	nan	nan
27.5	17.3205	nan	nan
30	17.3205	nan	nan
32.5	17.3205	nan	nan
35	17.3205	nan	nan
37.5	17.3205	nan	nan
40	17.3205	nan	nan
42.5	17.3205	nan	nan
45	17.3205	nan	nan
47.5	17.3205	nan	nan
1.25	19.4856	nan	nan
3.75	19.4856	nan	nan
6.25	19.4856	nan	nan
8.75	19.4856	nan	nan
11.25	19.4856	nan	nan
13.75	19.4856	nan	nan
16.25	19.4856	nan	nan
18.75	19.4856	nan	nan
21.25	19.4856	nan	nan
23.75	19.4856	nan	nan
26.25	19.4856	nan	nan
28.75	19.4856	nan	nan
31.25	19.4856	nan	nan
33.75	19.4856	nan	nan
36.25	19.4856	nan	nan
38.75	19.4856	nan	nan
41.25	19.4856	nan	nan
43.75	19.4856	nan	nan
46.25	19.4856	nan	nan
48.75	19.4856	nan	nan
0	21.6506	nan	nan
2.5	21.6506	nan	nan
5	21.6506	nan	nan
7.5	21.6506	nan	nan
10	21.6506	nan	nan
12.5	21.6506	nan	nan
15	21.6506	nan	nan
17.5	21.6506	nan	nan
20	21.6506	nan	nan
22.5	21.6506	nan	nan
25	21.6506	nan	nan
27.5	21.6506	nan	nan
30	21.6506	nan	nan
32.5	21.6506	nan	nan
35	21.6506	nan	nan
37.5	21.6506	nan	nan
40	21.6506	nan	nan
42.5	21.6506	nan	nan
45	21.6506	nan	nan
47.5	21.6506	nan	nan
1.25	23.8157	nan	nan
3.75	23.8157	nan	nan
6.25	23.8157	nan	nan
8.75	23.8157	nan	nan
11.25	23.8157	nan	nan
13.75	23.8157	nan	nan
16.25	23.8157	nan	nan
18.75	23.8157	nan	nan
21.25	23.8157	nan	nan
23.75	23.8157	nan	nan
26.25	23.8157	nan	nan
28.75	23.8157	nan	nan
31.25	23.8157	nan	nan
33.75	23.8157	nan	nan
36.25	23.8157	nan	nan
38.75	23.8157	nan	nan
41.25	23.8157	nan	nan
43.75	23.8157	nan	nan
46.25	23.8157	nan	nan
48.75	23.8157	nan	nan
0	25.9808	nan	nan
2.5	25.9808	nan	nan
5	25.9808	nan	nan
7.5	25.9808	nan	nan
10	25.9808	nan	nan
12.5	25.9808	nan	nan
15	25.9808	nan	nan
17.5	25.9808	nan	nan
20	25.9808	nan	nan
22.5	25.9808	nan	nan
25	25.9808	nan	nan
27.5	25.9808	nan	nan
30	25.9808	nan	nan
32.5	25.9808	nan	nan
35	25.9808	nan	nan
37.5	25.9808	nan	nan
40	25.9808	nan	nan
42.5	25.9808	nan	nan
45	25.9808	nan	nan
47.5	25.9808	nan	nan
1.25	28.1458	nan	nan
3.75	28.1458	nan	nan
6.25	28.1458	nan	nan
8.75	28.1458	nan	nan
11.25	28.1458	nan	nan
13.75	28.1458	nan	nan
16.25	28.1458	nan	nan
18.75	28.1458	nan	nan
21.25	28.1458	nan	nan
23.75	28.1458	nan	nan
26.25	28.1458	nan	nan
28.75	28.1458	nan	nan
31.25	28.1458	nan	nan
33.75	28.1458	nan	nan
36.25	28.1458	nan	nan
38.75	28.1458	nan	nan
41.25	28.1458	nan	nan
43.75	28.1458	nan	nan
46.25	28.1458	nan	nan
48.75	28.1458	nan	nan
0	30.3109	nan	nan
2.5	30.3109	nan	nan
5	30.3109	nan	nan
7.5	30.3109	nan	nan
10	30.3109	nan	nan
12.5	30.3109	nan	nan
15	30.3109	nan	nan
17.5	30.3109	nan	nan
20	30.3109	nan	nan
22.5	30.3109	nan	nan
25	30.3109	nan	nan
27.5	30.3109	nan	nan
30	30.3109	nan	nan
32.5	30.3109	nan	nan
35	30.3109	nan	nan
37.5	30.3109	nan	nan
40	30.3109	nan	nan
42.5	30.3109	nan	nan
45	30.3109	nan	nan
47.5	30.3109	nan	nan
1.25	32.476	nan	nan
3.75	32.476	nan	nan
6.25	32.476	nan	nan
8.75	32.476	nan	nan
11.25	32.476	nan	nan
13.75	32.476	nan	nan
16.25	32.476	nan	nan
18.75	32.476	nan	nan
21.25	32.476	nan	nan
23.75	32.476	nan	nan
26.25	32.476	nan	nan
28.75	32.476	nan	nan
31.25	32.476	nan	nan
33.75	32.476	nan	nan
36.25	32.476	nan	nan
38.75	32.476	nan	nan
41.25	32.476	nan	nan
43.75	32.476	nan	nan
46.25	32.476	nan	nan
48.75	32.476	nan	nan
0	34.641	nan	nan
2.5	34.641	nan	nan
5	34.641	nan	nan
7.5	34.641	nan	nan
10	34.641	nan	nan
12.5	34.641	nan	nan
15	34.641	nan	nan
17.5	34.641	nan	nan
20	34.641	nan	nan
22.5	34.641	nan	nan
25	34.641	nan	nan
27.5	34.641	nan	nan
30	34.641	nan	nan
32.5	34.641	nan	nan
35	34.641	nan	nan
37.5	34.641	nan	nan
40	34.641	nan	nan
42.5	34.641	nan	nan
45	34.641	nan	nan
47.5	34.641	nan	nan
1.25	36.8061	nan	nan
3.75	36.8061	nan	nan
6.25	36.8061	nan	nan
8.75	36.8061	nan	nan
11.25	36.8061	nan	nan
13.75	36.8061	nan	nan
16.25	36.8061	nan	nan
18.75	36.8061	nan	nan
21.25	36.8061	nan	nan
23.75	36.8061	nan	nan
26.25	36.8061	nan	nan
28.75	36.8061	nan	nan
31.25	36.8061	nan	nan
33.75	36.8061	nan	nan
36.25	36.8061	nan	nan
38.75	36.8061	nan	nan
41.25	36.8061	nan	nan
43.75	36.8061	nan	nan
46.25	36.8061	nan	nan
48.75	36.8061	nan	nan
0	38.9711	nan	nan
2.5	38.9711	nan	nan
5	38.9711	nan	nan
7.5	38.9711	nan	nan
10	38.9711	nan	nan
12.5	38.9711	nan	nan
15	38.9711	nan	nan
17.5	38.9711	nan	nan
20	38.9711	nan	nan
22.5	38.9711	nan	nan
25	38.9711	nan	nan
27.5	38.9711	nan	nan
30	38.9711	nan	nan
32.5	38.9711	nan	nan
35	38.9711	nan	nan
37.5	38.9711	nan	nan
40	38.9711	nan	nan
42.5	38.9711	nan	nan
45	38.9711	nan	nan
47.5	38.9711	nan	nan
1.25	41.1362	nan	nan
3.75	41.1362	nan	nan
6.25	41.1362	nan	nan
8.75	41.1362	nan	nan
11.25	41.1362	nan	nan
13.75	41.1362	nan	nan
16.25	41.1362	nan	nan
18.75	41.1362	nan	nan
21.25	41.1362	nan	nan
23.75	41.1362	nan	nan
26.25	41.1362	nan	nan
28.75	41.1362	nan	nan
31.25	41.1362	nan	nan
33.75	41.1362	nan	nan
36.25	41.1362	nan	nan
38.75	41.1362	nan	nan
41.25	41.1362	nan	nan
43.75	41.1362	nan	nan
46.25	41.1362	nan	nan
48.75	41.1362	nan	nan
 
0	0	nan	nan
2.5	0	nan	nan
5	0	nan	nan
7.5	0	nan	nan
10	0	nan	nan
12.5	0	nan	nan
15	0	nan	nan
17.5	0	nan	nan
20	0	nan	nan
22.5	0	nan	nan
25	0	nan	nan
27.5	0	nan	nan
30	0	nan	nan
32.5	0	nan	nan
35	0	nan	nan
37.5	0	nan	nan
40	0	nan	nan
42.5	0	nan	nan
45	0	nan	nan
47.5	0	nan	nan
1.25	2.16506	nan	nan
3.75	2.16506	nan	nan
6.25	2.16506	nan	nan
8.75	2.16506	nan	nan
11.25	2.16506	nan	nan
13.75	2.16506	nan	nan
16.25	2.16506	nan	nan
18.75	2.16506	nan	nan
21.25	2.16506	nan	nan
23.75	2.16506	nan	nan
26.25	2.16506	nan	nan
28.75	2.16506	nan	nan
31.25	2.16506	nan	nan
33.75	2.16506	nan	nan
36.25	2.16506	nan	nan
38.75	2.16506	nan	nan
41.25	2.16506	nan	nan
43.75	2.16506	nan	nan
46.25	2.16506	nan	nan
48.75	2.16506	nan	nan
0	4.33013	nan	nan
2.5	4.33013	nan	nan
5	4.33013	nan	nan
7.5	4.33013	nan	nan
10	4.33013	nan	nan
12.5	4.33013	nan	nan
15	4.33013	nan	nan
17.5	4.33013	nan	nan
20	4.33013	nan	nan
22.5	4.33013	nan	nan
25	4.33013	nan	nan
27.5	4.33013	nan	nan
30	4.33013	nan	nan
32.5	4.33013	nan	nan
35	4.33013	nan	nan
37.5	4.33013	nan	nan
40	4.33013	nan	nan
42.5	4.33013	nan	nan
45	4.33013	nan	nan
47.5	4.33013	nan	nan
1.25	6.49519	nan	nan
3.75	6.49519	nan	nan
6.25	6.49519	nan	nan
8.75	6.49519	nan	nan
11.25	6.49519	nan	nan
13.75	6.49519	nan	nan
16.25	6.49519	nan	nan
18.75	6.49519	nan	nan
21.25	6.49519	nan	nan
23.75	6.49519	nan	nan
26.25	6.49519	nan	nan
28.75	6.49519	nan	nan
31.25	6.49519	nan	nan
33.75	6.49519	nan	nan
36.25	6.49519	nan	nan
38.75	6.49519	nan	nan
41.25	6.49519	nan	nan
43.75	6.49519	nan	nan
46.25	6.49519	nan	nan
48.75	6.49519	nan	nan
0	8.66025	nan	nan
2.5	8.66025	nan	nan
5	8.66025	nan	nan
7.5	8.66025	nan	nan
10	8.66025	nan	nan
12.5	8.66025	nan	nan
15	8.66025	nan	nan
17.5	8.66025	nan	nan
20	8.66025	nan	nan
22.5	8.66025	nan	nan
25	8.66025	nan	nan
27.5	8.66025	nan	nan
30	8.66025	nan	nan
32.5	8.66025	nan	nan
35	8.66025	nan	nan
37.5	8.66025	nan	nan
40	8.66025	nan	nan
42.5	8.66025	nan	nan
45	8.66025	nan	nan
47.5	8.66025	nan	nan
1.25	10.8253	nan	nan
3.75	10.8253	nan	nan
6.25	10.8253	nan	nan
8.75	10.8253	nan	nan
11.25	10.8253	nan	nan
13.75	10.8253	nan	nan
16.25	10.8253	nan	nan
18.75	10.8253	nan	nan
21.25	10.8253	nan	nan
23.75	10.8253	nan	nan
26.25	10.8253	nan	nan
28.75	10.8253	nan	nan
31.25	10.8253	nan	nan
33.75	10.8253	nan	nan
36.25	10.8253	nan	nan
38.75	10.8253	nan	nan
41.25	10.8253	nan	nan
43.75	10.8253	nan	nan
46.25	10.8253	nan	nan
48.75	10.8253	nan	nan
0	12.9904	nan	nan
2.5	12.9904	nan	nan
5	12.9904	nan	nan
7.5	12.9904	nan	nan
10	12.9904	nan	nan
12.5	12.9904	nan	nan
15	12.9904	nan	nan
17.5	12.9904	nan	nan
20	12.9904	nan	nan
22.5	12.9904	nan	nan
25	12.9904	nan	nan
27.5	12.9904	nan	nan
30	12.9904	nan	nan
32.5	12.9904	nan	nan
35	12.9904	nan	nan
37.5	12.9904	nan	nan
40	12.9904	nan	nan
42.5	12.9904	nan	nan
45	12.9904	nan	nan
47.5	12.9904	nan	nan
1.25	15.1554	nan	nan
3.75	15.1554	nan	nan
6.25	15.1554	nan	nan
8.75	15.1554	nan	nan
11.25	15.1554	nan	nan
13.75	15.1554	nan	nan
16.25	15.1554	nan	nan
18.75	15.1554	nan	nan
21.25	15.1554	nan	nan
23.75	15.1554	nan	nan
26.25	15.1554	nan	nan
28.75	15.1554	nan	nan
31.25	15.1554	nan	nan
33.75	15.1554	nan	nan
36.25	15.1554	nan	nan
38.75	15.1554	nan	nan
41.25	15.1554	nan	nan
43.75	15.1554	nan	nan
46.25	15.1554	nan	nan
48.75	15.1554	nan	nan
0	17.3205	nan	nan
2.5	17.3205	nan	nan
5	17.3205	nan	nan
7.5	17.3205	nan	nan
10	17.3205	nan	nan
12.5	17.3205	nan	nan
15	17.3205	nan	nan
17.5	17.3205	nan	nan
20	17.3205	nan	nan
22.5	17.3205	nan	nan
25	17.3205	nan	nan
27.5	17.3205	nan	nan
30	17.3205	nan	nan
32.5	17.3205	nan	nan
35	17.3205	nan	nan
37.5	17.3205	nan	nan
40	17.3205	nan	nan
42.5	17.3205	nan	nan
45	17.3205	nan	nan
47.5	17.3205	nan	nan
1.25	19.4856	nan	nan
3.75	19.4856	nan	nan
6.25	19.4856	nan	nan
8.75	19.4856	nan	nan
11.25	19.4856	nan	nan
13.75	19.4856	nan	nan
16.25	19.4856	nan	nan
18.75	19.4856	nan	nan
21.25	19.4856	nan	nan
23.75	19.4856	nan	nan
26.25	19.4856	nan	nan
28.75	19.4856	nan	nan
31.25	19.4856	nan	nan
33.75	19.4856	nan	nan
36.25	19.4856	nan	nan
38.75	19.4856	nan	nan
41.25	19.4856	nan	nan
43.75	19.4856	nan	nan
46.25	19.4856	nan	nan
48.75	19.4856	nan	nan
0	21.6506	nan	nan
2.5	21.6506	nan	nan
5	21.6506	nan	nan
7.5	21.6506	nan	nan
10	21.6506	nan	nan
12.5	21.6506	nan	nan
15	21.6506	nan	nan
17.5	21.6506	nan	nan
20	21.6506	nan	nan
22.5	21.6506	nan	nan
25	21.6506	nan	nan
27.5	21.6506	nan	nan
30	21.6506	nan	nan
32.5	21.6506	nan	nan
35	21.6506	nan	nan
37.5	21.6506	nan	nan
40	21.6506	nan	nan
42.5	21.6506	nan	nan
45	21.6506	nan	nan
47.5	21.6506	nan	nan
1.25	23.8157	nan	nan
3.75	23.8157	nan	nan
6.25	23.8157	nan	nan
8.75	23.8157	nan	nan
11.25	23.8157	nan	nan
13.75	23.8157	nan	nan
16.25	23.8157	nan	nan
18.75	23.8157	nan	nan
21.25	23.8157	nan	nan
23.75	23.8157	nan	nan
26.25	23.8157	nan	nan
28.75	23.8157	nan	nan
31.25	23.8157	nan	nan
33.75	23.8157	nan	nan
36.25	23.8157	nan	nan
38.75	23.8157	nan	nan
41.25	23.8157	nan	nan
43.75	23.8157	nan	nan
46.25	23.8157	nan	nan
48.75	23.8157	nan	nan
0	25.9808	nan	nan
2.5	25.9808	nan	nan
5	25.9808	nan	nan
7.5	25.9808	nan	nan
10	25.9808	nan	nan
12.5	25.9808	nan	nan
15	25.9808	nan	nan
17.5	25.9808	nan	nan
20	25.9808	nan	nan
22.5	25.9808	nan	nan
25	25.9808	nan	nan
27.5	25.9808	nan	nan
30	25.9808	nan	nan
32.5	25.9808	nan	nan
35	25.9808	nan	nan
37.5	25.9808	nan	nan
40	25.9808	nan	nan
42.5	25.9808	nan	nan
45	25.9808	nan	nan
47.5	25.9808	nan	nan
1.25	28.1458	nan	nan
3.75	28.1458	nan	nan
6.25	28.1458	nan	nan
8.75	28.1458	nan	nan
11.25	28.1458	nan	nan
13.75	28.1458	nan	nan
16.25	28.1458	nan	nan
18.75	28.1458	nan	nan
21.25	28.1458	nan	nan
23.75	28.1458	nan	nan
26.25	28.1458	nan	nan
28.75	28.1458	nan	nan
31.25	28.1458	nan	nan
33.75	28.1458	nan	nan
36.25	28.1458	nan	nan
38.75	28.1458	nan	nan
41.25	28.1458	nan	nan
43.75	28.1458	nan	nan
46.25	28.1458	nan	nan
48.75	28.1458	nan	nan
0	30.3109	nan	nan
2.5	30.3109	nan	nan
5	30.3109	nan	nan
7.5	30.3109	nan	nan
10	30.3109	nan	nan
12.5	30.3109	nan	nan
15	30.3109	nan	nan
17.5	30.3109	nan	nan
20	30.3109	nan	nan
22.5	30.3109	nan	nan
25	30.3109	nan	nan
27.5	30.3109	nan	nan
30	30.3109	nan	nan
32.5	30.3109	nan	nan
35	30.3109	nan	nan
37.5	30.3109	nan	nan
40	30.3109	nan	nan
42.5	30.3109	nan	nan
45	30.3109	nan	nan
47.5	30.3109	nan	nan
1.25	32.476	nan	nan
3.75	32.476	nan	nan
6.25	32.476	nan	nan
8.75	32.476	nan	nan
11.25	32.476	nan	nan
13.75	32.476	nan	nan
16.25	32.476	nan	nan
18.75	32.476	nan	nan
21.25	32.476	nan	nan
23.75	32.476	nan	nan
26.25	32.476	nan	nan
28.75	32.476	nan	nan
31.25	32.476	nan	nan
33.75	32.476	nan	nan
36.25	32.476	nan	nan
38.75	32.476	nan	nan
41.25	32.476	nan	nan
43.75	32.476	nan	nan
46.25	32.476	nan	nan
48.75	32.476	nan	nan
0	34.641	nan	nan
2.5	34.641	nan	nan
5	34.641	nan	nan
7.5	34.641	nan	nan
10	34.641	nan	nan
12.5	34.641	nan	nan
15	34.641	nan	nan
17.5	34.641	nan	nan
20	34.641	nan	nan
22.5	34.641	nan	nan
25	34.641	nan	nan
27.5	34.641	nan	nan
30	34.641	nan	nan
32.5	34.641	nan	nan
35	34.641	nan	nan
37.5	34.641	nan	nan
40	34.641	nan	nan
42.5	34.641	nan	nan
45	34.641	nan	nan
47.5	34.641	nan	nan
1.25	36.8061	nan	nan
3.75	36.8061	nan	nan
6.25	36.8061	nan	nan
8.75	36.8061	nan	nan
11.25	36.8061	nan	nan
13.75	36.8061	nan	nan
16.25	36.8061	nan	nan
18.75	36.8061	nan	nan
21.25	36.8061	nan	nan
23.75	36.8061	nan	nan
26.25	36.8061	nan	nan
28.75	36.8061	nan	nan
31.25	36.8061	nan	nan
33.75	36.8061	nan	nan
36.25	36.8061	nan	nan
38.75	36.8061	nan	nan
41.25	36.8061	nan	nan
43.75	36.8061	nan	nan
46.25	36.8061	nan	nan
48.75	36.8061	nan	nan
0	38.9711	nan	nan
2.5	38.9711	nan	nan
5	38.9711	nan	nan
7.5	38.9711	nan	nan
10	38.9711	nan	nan
12.5	38.9711	nan	nan
15	38.9711	nan	nan
17.5	38.9711	nan	nan
20	38.9711	nan	nan
22.5	38.9711	nan	nan
25	38.9711	nan	nan
27.5	38.9711	nan	nan
30	38.9711	nan	nan
32.5	38.9711	nan	nan
35	38.9711	nan	nan
37.5	38.9711	nan	nan
40	38.9711	nan	nan
42.5	38.9711	nan	nan
45	38.9711	nan	nan
47.5	38.9711	nan	nan
1.25	41.1362	nan	nan
3.75	41.1362	nan	nan
6.25	41.1362	nan	nan
8.75	41.1362	nan	nan
11.25	41.1362	nan	nan
13.75	41.1362	nan	nan
16.25	41.1362	nan	nan
18.75	41.1362	nan	nan
21.25	41.1362	nan	nan
23.75	41.1362	nan	nan
26.25	41.1362	nan	nan
28.75	41.1362	nan	nan
31.25	41.1362	nan	nan
33.75	41.1362	nan	nan
36.25	41.1362	nan	nan
38.75	41.1362	nan	nan
41.25	41.1362	nan	nan
43.75	41.1362	nan	nan
46.25	41.1362	nan	nan
48.75	41.1362	nan	nan
 
0	0	nan	nan
2.5	0	nan	nan
5	0	nan	nan
7.5	0	nan	nan
10	0	nan	nan
12.5	0	nan	nan
15	0	nan	nan
17.5	0	nan	nan
20	0	nan	nan
22.5	0	nan	nan
25	0	nan	nan
27.5	0	nan	nan
30	0	nan	nan
32.5	0	nan	nan
35	0	nan	nan
37.5	0	nan	nan
40	0	nan	nan
42.5	0	nan	nan
45	0	nan	nan
47.5	0	nan	nan
1.25	2.16506	nan	nan
3.75	2.16506	nan	nan
6.25	2.16506	nan	nan
8.75	2.16506	nan	nan
11.25	2.16506	nan	nan
13.75	2.16506	nan	nan
16.25	2.16506	nan	nan
18.75	2.16506	nan	nan
21.25	2.16506	nan	nan
23.75	2.16506	nan	nan
26.25	2.16506	nan	nan
28.75	2.16506	nan	nan
31.25	2.16506	nan	nan
33.75	2.16506	nan	nan
36.25	2.16506	nan	nan
38.75	2.16506	nan	nan
41.25	2.16506	nan	nan
43.75	2.16506	nan	nan
46.25	2.16506	nan	nan
48.75	2.16506	nan	nan
0	4.33013	nan	nan
2.5	4.33013	nan	nan
5	4.33013	nan	nan
7.5	4.33013	nan	nan
10	4.33013	nan	nan
12.5	4.33013	nan	nan
15	4.33013	nan	nan
17.5	4.33013	nan	nan
20	4.33013	nan	nan
22.5	4.33013	nan	nan
25	4.33013	nan	nan
27.5	4.33013	nan	nan
30	4.33013	nan	nan
32.5	4.33013	nan	nan
35	4.33013	nan	nan
37.5	4.33013	nan	nan
40	4.33013	nan	nan
42.5	4.33013	nan	nan
45	4.33013	nan	nan
47.5	4.33013	nan	nan
1.25	6.49519	nan	nan
3.75	6.49519	nan	nan
6.25	6.49519	nan	nan
8.75	6.49519	nan	nan
11.25	6.49519	nan	nan
13.75	6.49519	nan	nan
16.25	6.49519	nan	nan
18.75	6.49519	nan	nan
21.25	6.49519	nan	nan
23.75	6.49519	nan	nan
26.25	6.49519	nan	nan
28.75	6.49519	nan	nan
31.25	6.49519	nan	nan
33.75	6.49519	nan	nan
36.25	6.49519	nan	nan
38.75	6.49519	nan	nan
41.25	6.49519	nan	nan
43.75	6.49519	nan	nan
46.25	6.49519	nan	nan
48.75	6.49519	nan	nan
0	8.66025	nan	nan
2.5	8.66025	nan	nan
5	8.66025	nan	nan
7.5	8.66025	nan	nan
10	8.66025	nan	nan
12.5	8.66025	nan	nan
15	8.66025	nan	nan
17.5	8.66025	nan	nan
20	8.66025	nan	nan
22.5	8.66025	nan	nan
25	8.66025	nan	nan
27.5	8.66025	nan	nan
30	8.66025	nan	nan
32.5	8.66025	nan	nan
35	8.66025	nan	nan
37.5	8.66025	nan	nan
40	8.66025	nan	nan
42.5	8.66025	nan	nan
45	8.66025	nan	nan
47.5	8.66025	nan	nan
1.25	10.8253	nan	nan
3.75	10.8253	nan	nan
6.25	10.8253	nan	nan
8.75	10.8253	nan	nan
11.25	10.8253	nan	nan
13.75	10.8253	nan	nan
16.25	10.8253	nan	nan
18.75	10.8253	nan	nan
21.25	10.8253	nan	nan
23.75	10.8253	nan	nan
26.25	10.8253	nan	nan
28.75	10.8253	nan	nan
31.25	10.8253	nan	nan
33.75	10.8253	nan	nan
36.25	10.8253	nan	nan
38.75	10.8253	nan	nan
41.25	10.8253	nan	nan
43.75	10.8253	nan	nan
46.25	10.8253	nan	nan
48.75	10.8253	nan	nan
0	12.9904	nan	nan
2.5	12.9904	nan	nan
5	12.9904	nan	nan
7.5	12.9904	nan	nan
10	12.9904	nan	nan
12.5	12.9904	nan	nan
15	12.9904	nan	nan
17.5	12.9904	nan	nan
20	12.9904	nan	nan
22.5	12.9904	nan	nan
25	12.9904	nan	nan
27.5	12.9904	nan	nan
30	12.9904	nan	nan
32.5	12.9904	nan	nan
35	12.9904	nan	nan
37.5	12.9904	nan	nan
40	12.9904	nan	nan
42.5	12.9904	nan	nan
45	12.9904	nan	nan
47.5	12.9904	nan	nan
1.25	15.1554	nan	nan
3.75	15.1554	nan	nan
6.25	15.1554	nan	nan
8.75	15.1554	nan	nan
11.25	15.1554	nan	nan
13.75	15.1554	nan	nan
16.25	15.1554	nan	nan
18.75	15.1554	nan	nan
21.25	15.1554	nan	nan
23.75	15.1554	nan	nan
26.25	15.1554	nan	nan
28.75	15.1554	nan	nan
31.25	15.1554	nan	nan
33.75	15.1554	nan	nan
36.25	15.1554	nan	nan
38.75	15.1554	nan	nan
41.25	15.1554	nan	nan
43.75	15.1554	nan	nan
46.25	15.1554	nan	nan
48.75	15.1554	nan	nan
0	17.3205	nan	nan
2.5	17.3205	nan	nan
5	17.3205	nan	nan
7.5	17.3205	nan	nan
10	17.3205	nan	nan
12.5	17.3205	nan	nan
15	17.3205	nan	nan
17.5	17.3205	nan	nan
20	17.3205	nan	nan
22.5	17.3205	nan	nan
25	17.3205	nan	nan
27.5	17.3205	nan	nan
30	17.3205	nan	nan
32.5	17.3205	nan	nan
35	17.3205	nan	nan
37.5	17.3205	nan	nan
40	17.3205	nan	nan
42.5	17.3205	nan	nan
45	17.3205	nan	nan
47.5	17.3205	nan	nan
1.25	19.4856	nan	nan
3.75	19.4856	nan	nan
6.25	19.4856	nan	nan
8.75	19.4856	nan	nan
11.25	19.4856	nan	nan
13.75	19.4856	nan	nan
16.25	19.4856	nan	nan
18.75	19.4856	nan	nan
21.25	19.4856	nan	nan
23.75	19.4856	nan	nan
26.25	19.4856	nan	nan
28.75	19.4856	nan	nan
31.25	19.4856	nan	nan
33.75	19.4856	nan	nan
36.25	19.4856	nan	nan
38.75	19.4856	nan	nan
41.25	19.4856	nan	nan
43.75	19.4856	nan	nan
46.25	19.4856	nan	nan
48.75	19.4856	nan	nan
0	21.6506	nan	nan
2.5	21.6506	nan	nan
5	21.6506	nan	nan
7.5	21.6506	nan	nan
10	21.6506	nan	nan
12.5	21.6506	nan	nan
15	21.6506	nan	nan
17.5	21.6506	nan	nan
20	21.6506	nan	nan
22.5	21.6506	nan	nan
25	21.6506	nan	nan
27.5	21.6506	nan	nan
30	21.6506	nan	nan
32.5	21.6506	nan	nan
35	21.6506	nan	nan
37.5	21.6506	nan	nan
40	21.6506	nan	nan
42.5	21.6506	nan	nan
45	21.6506	nan	nan
47.5	21.6506	nan	nan
1.25	23.8157	nan	nan
3.75	23.8157	nan	nan
6.25	23.8157	nan	nan
8.75	23.8157	nan	nan
11.25	23.8157	nan	nan
13.75	23.8157	nan	nan
16.25	23.8157	nan	nan
18.75	23.8157	nan	nan
21.25	23.8157	nan	nan
23.75	23.8157	nan	nan
26.25	23.8157	nan	nan
28.75	23.8157	nan	nan
31.25	23.8157	nan	nan
33.75	23.8157	nan	nan
36.25	23.8157	nan	nan
38.75	23.8157	nan	nan
41.25	23.8157	nan	nan
43.75	23.8157	nan	nan
46.25	23.8157	nan	nan
48.75	23.8157	nan	nan
0	25.9808	nan	nan
2.5	25.9808	nan	nan
5	25.9808	nan	nan
7.5	25.9808	nan	nan
10	25.9808	nan	nan
12.5	25.9808	nan	nan
15	25.9808	nan	nan
17.5	25.9808	nan	nan
20	25.9808	nan	nan
22.5	25.9808	nan	nan
25	25.9808	nan	nan
27.5	25.9808	nan	nan
30	25.9808	nan	nan
32.5	25.9808	nan	nan
35	25.9808	nan	nan
37.5	25.9808	nan	nan
40	25.9808	nan	nan
42.5	25.9808	nan	nan
45	25.9808	nan	nan
47.5	25.9808	nan	nan
1.25	28.1458	nan	nan
3.75	28.1458	nan	nan
6.25	28.1458	nan	nan
8.75	28.1458	nan	nan
11.25	28.1458	nan	nan
13.75	28.1458	nan	nan
16.25	28.1458	nan	nan
18.75	28.1458	nan	nan
21.25	28.1458	nan	nan
23.75	28.1458	nan	nan
26.25	28.1458	nan	nan
28.75	28.1458	nan	nan
31.25	28.1458	nan	nan
33.75	28.1458	nan	nan
36.25	28.1458	nan	nan
38.75	28.1458	nan	nan
41.25	28.1458	nan	nan
43.75	28.1458	nan	nan
46.25	28.1458	nan	nan
48.75	28.1458	nan	nan
0	30.3109	nan	nan
2.5	30.3109	nan	nan
5	30.3109	nan	nan
7.5	30.3109	nan	nan
10	30.3109	nan	nan
12.5	30.3109	nan	nan
15	30.3109	nan	nan
17.5	30.3109	nan	nan
20	30.3109	nan	nan
22.5	30.3109	nan	nan
25	30.3109	nan	nan
27.5	30.3109	nan	nan
30	30.3109	nan	nan
32.5	30.3109	nan	nan
35	30.3109	nan	nan
37.5	30.3109	nan	nan
40	30.3109	nan	nan
42.5	30.3109	nan	nan
45	30.3109	nan	nan
47.5	30.3109	nan	nan
1.25	32.476	nan	nan
3.75	32.476	nan	nan
6.25	32.476	nan	nan
8.75	32.476	nan	nan
11.25	32.476	nan	nan
13.75	32.476	nan	nan
16.25	32.476	nan	nan
18.75	32.476	nan	nan
21.25	32.476	nan	nan
23.75	32.476	nan	nan
26.25	32.476	nan	nan
28.75	32.476	nan	nan
31.25	32.476	nan	nan
33.75	32.476	nan	nan
36.25	32.476	nan	nan
38.75	32.476	nan	nan
41.25	32.476	nan	nan
43.75	32.476	nan	nan
46.25	32.476	nan	nan
48.75	32.476	nan	nan
0	34.641	nan	nan
2.5	34.641	nan	nan
5	34.641	nan	nan
7.5	34.641	nan	nan
10	34.641	nan	nan
12.5	34.641	nan	nan
15	34.641	nan	nan
17.5	34.641	nan	nan
20	34.641	nan	nan
22.5	34.641	nan	nan
25	34.641	nan	nan
27.5	34.641	nan	nan
30	34.641	nan	nan
32.5	34.641	nan	nan
35	34.641	nan	nan
37.5	34.641	nan	nan
40	34.641	nan	nan
42.5	34.641	nan	nan
45	34.641	nan	nan
47.5	34.641	nan	nan
1.25	36.8061	nan	nan
3.75	36.8061	nan	nan
6.25	36.8061	nan	nan
8.75	36.8061	nan	nan
11.25	36.8061	nan	nan
13.75	36.8061	nan	nan
16.25	36.8061	nan	nan
18.75	36.8061	nan	nan
21.25	36.8061	nan	nan
23.75	36.8061	nan	nan
26.25	36.8061	nan	nan
28.75	36.8061	nan	nan
31.25	36.8061	nan	nan
33.75	36.8061	nan	nan
36.25	36.8061	nan	nan
38.75	36.8061	nan	nan
41.25	36.8061	nan	nan
43.75	36.8061	nan	nan
46.25	36.8061	nan	nan
48.75	36.8061	nan	nan
0	38.9711	nan	nan
2.5	38.9711	nan	nan
5	38.9711	nan	nan
7.5	38.9711	nan	nan
10	38.9711	nan	nan
12.5	38.9711	nan	nan
15	38.9711	nan	nan
17.5	38.9711	nan	nan
20	38.9711	nan	nan
22.5	38.9711	nan	nan
25	38.9711	nan	nan
27.5	38.9711	nan	nan
30	38.9711	nan	nan
32.5	38.9711	nan	nan
35	38.9711	nan	nan
37.5	38.9711	nan	nan
40	38.9711	nan	nan
42.5	38.9711	nan	nan
45	38.9711	nan	nan
47.5	38.9711	nan	nan
1.25	41.1362	nan	nan
3.75	41.1362	nan	nan
6.25	41.1362	nan	nan
8.75	41.1362	nan	nan
11.25	41.1362	nan	nan
13.75	41.1362	nan	nan
16.25	41.1362	nan	nan
18.75	41.1362	nan	nan
21.25	41.1362	nan	nan
23.75	41.1362	nan	nan
26.25	41.1362	nan	nan
28.75	41.1362	nan	nan
31.25	41.1362	nan	nan
33.75	41.1362	nan	nan
36.25	41.1362	nan	nan
38.75	41.1362	nan	nan
41.25	41.1362	nan	nan
43.75	41.1362	nan	nan
46.25	41.1362	nan	nan
48.75	41.1362	nan	nan
 
0	0	nan	nan
2.5	0	nan	nan
5	0	nan	nan
7.5	0	nan	nan
10	0	nan	nan
12.5	0	nan	nan
15	0	nan	nan
17.5	0	nan	nan
20	0	nan	nan
22.5	0	nan	nan
25	0	nan	nan
27.5	0	nan	nan
30	0	nan	nan
32.5	0	nan	nan
35	0	nan	nan
37.5	0	nan	nan
40	0	nan	nan
42.5	0	nan	nan
45	0	nan	nan
47.5	0	nan	nan
1.25	2.16506	nan	nan
3.75	2.16506	nan	nan
6.25	2.16506	nan	nan
8.75	2.16506	nan	nan
11.25	2.16506	nan	nan
13.75	2.16506	nan	nan
16.25	2.16506	nan	nan
18.75	2.16506	nan	nan
21.25	2.16506	nan	nan
23.75	2.16506	nan	nan
26.25	2.16506	nan	nan
28.75	2.16506	nan	nan
31.25	2.16506	nan	nan
33.75	2.16506	nan	nan
36.25	2.16506	nan	nan
38.75	2.16506	nan	nan
41.25	2.16506	nan	nan
43.75	2.16506	nan	nan
46.25	2.16506	nan	nan
48.75	2.16506	nan	nan
0	4.33013	nan	nan
2.5	4.33013	nan	nan
5	4.33013	nan	nan
7.5	4.33013	nan	nan
10	4.33013	nan	nan
12.5	4.33013	nan	nan
15	4.33013	nan	nan
17.5	4.33013	nan	nan
20	4.33013	nan	nan
22.5	4.33013	nan	nan
25	4.33013	nan	nan
27.5	4.33013	nan	nan
30	4.33013	nan	nan
32.5	4.33013	nan	nan
35	4.33013	nan	nan
37.5	4.33013	nan	nan
40	4.33013	nan	nan
42.5	4.33013	nan	nan
45	4.33013	nan	nan
47.5	4.33013	nan	nan
1.25	6.49519	nan	nan
3.75	6.49519	nan	nan
6.25	6.49519	nan	nan
8.75	6.49519	nan	nan
11.25	6.49519	nan	nan
13.75	6.49519	nan	nan
16.25	6.49519	nan	nan
18.75	6.49519	nan	nan
21.25	6.49519	nan	nan
23.75	6.49519	nan	nan
26.25	6.49519	nan	nan
28.75	6.49519	nan	nan
31.25	6.49519	nan	nan
33.75	6.49519	nan	nan
36.25	6.49519	nan	nan
38.75	6.49519	nan	nan
41.25	6.49519	nan	nan
43.75	6.49519	nan	nan
46.25	6.49519	nan	nan
48.75	6.49519	nan	nan
0	8.66025	nan	nan
2.5	8.66025	nan	nan
5	8.66025	nan	nan
7.5	8.66025	nan	nan
10	8.66025	nan	nan
12.5	8.66025	nan	nan
15	8.66025	nan	nan
17.5	8.66025	nan	nan
20	8.66025	nan	nan
22.5	8.66025	nan	nan
25	8.66025	nan	nan
27.5	8.66025	nan	nan
30	8.66025	nan	nan
32.5	8.66025	nan	nan
35	8.66025	nan	nan
37.5	8.66025	nan	nan
40	8.66025	nan	nan
42.5	8.66025	nan	nan
45	8.66025	nan	nan
47.5	8.66025	nan	nan
1.25	10.8253	nan	nan
3.75	10.8253	nan	nan
6.25	10.8253	nan	nan
8.75	10.8253	nan	nan
11.25	10.8253	nan	nan
13.75	10.8253	nan	nan
16.25	10.8253	nan	nan
18.75	10.8253	nan	nan
21.25	10.8253	nan	nan
23.75	10.8253	nan	nan
26.25	10.8253	nan	nan
28.75	10.8253	nan	nan
31.25	10.8253	nan	nan
33.75	10.8253	nan	nan
36.25	10.8253	nan	nan
38.75	10.8253	nan	nan
41.25	10.8253	nan	nan
43.75	10.8253	nan	nan
46.25	10.8253	nan	nan
48.75	10.8253	nan	nan
0	12.9904	nan	nan
2.5	12.9904	nan	nan
5	12.9904	nan	nan
7.5	12.9904	nan	nan
10	12.9904	nan	nan
12.5	12.9904	nan	nan
15	12.9904	nan	nan
17.5	12.9904	nan	nan
20	12.9904	nan	nan
22.5	12.9904	nan	nan
25	12.9904	nan	nan
27.5	12.9904	nan	nan
30	12.9904	nan	nan
32.5	12.9904	nan	nan
35	12.9904	nan	nan
37.5	12.9904	nan	nan
40	12.9904	nan	nan
42.5	12.9904	nan	nan
45	12.9904	nan	nan
47.5	12.9904	nan	nan
1.25	15.1554	nan	nan
3.75	15.1554	nan	nan
6.25	15.1554	nan	nan
8.75	15.1554	nan	nan
11.25	15.1554	nan	nan
13.75	15.1554	nan	nan
16.25	15.1554	nan	nan
18.75	15.1554	nan	nan
21.25	15.1554	nan	nan
23.75	15.1554	nan	nan
26.25	15.1554	nan	nan
28.75	15.1554	nan	nan
31.25	15.1554	nan	nan
33.75	15.1554	nan	nan
36.25	15.1554	nan	nan
38.75	15.1554	nan	nan
41.25	15.1554	nan	nan
43.75	15.1554	nan	nan
46.25	15.1554	nan	nan
48.75	15.1554	nan	nan
0	17.3205	nan	nan
2.5	17.3205	nan	nan
5	17.3205	nan	nan
7.5	17.3205	nan	nan
10	17.3205	nan	nan
12.5	17.3205	nan	nan
15	17.3205	nan	nan
17.5	17.3205	nan	nan
20	17.3205	nan	nan
22.5	17.3205	nan	nan
25	17.3205	nan	nan
27.5	17.3205	nan	nan
30	17.3205	nan	nan
32.5	17.3205	nan	nan
35	17.3205	nan	nan
37.5	17.3205	nan	nan
40	17.3205	nan	nan
42.5	17.3205	nan	nan
45	17.3205	nan	nan
47.5	17.3205	nan	nan
1.25	19.4856	nan	nan
3.75	19.4856	nan	nan
6.25	19.4856	nan	nan
8.75	19.4856	nan	nan
11.25	19.4856	nan	nan
13.75	19.4856	nan	nan
16.25	19.4856	nan	nan
18.75	19.4856	nan	nan
21.25	19.4856	nan	nan
23.75	19.4856	nan	nan
26.25	19.4856	nan	nan
28.75	19.4856	nan	nan
31.25	19.4856	nan	nan
33.75	19.4856	nan	nan
36.25	19.4856	nan	nan
38.75	19.4856	nan	nan
41.25	19.4856	nan	nan
43.75	19.4856	nan	nan
46.25	19.4856	nan	nan
48.75	19.4856	nan	nan
0	21.6506	nan	nan
2.5	21.6506	nan	nan
5	21.6506	nan	nan
7.5	21.6506	nan	nan
10	21.6506	nan	nan
12.5	21.6506	nan	nan
15	21.6506	nan	nan
17.5	21.6506	nan	nan
20	21.6506	nan	nan
22.5	21.6506	nan	nan
25	21.6506	nan	nan
27.5	21.6506	nan	nan
30	21.6506	nan	nan
32.5	21.6506	nan	nan
35	21.6506	nan	nan
37.5	21.6506	nan	nan
40	21.6506	nan	nan
42.5	21.6506	nan	nan
45	21.6506	nan	nan
47.5	21.6506	nan	nan
1.25	23.8157	nan	nan
3.75	23.8157	nan	nan
6.25	23.8157	nan	nan
8.75	23.8157	nan	nan
11.25	23.8157	nan	nan
13.75	23.8157	nan	nan
16.25	23.8157	nan	nan
18.75	23.8157	nan	nan
21.25	23.8157	nan	nan
23.75	23.8157	nan	nan
26.25	23.8157	nan	nan
28.75	23.8157	nan	nan
31.25	23.8157	nan	nan
33.75	23.8157	nan	nan
36.25	23.8157	nan	nan
38.75	23.8157	nan	nan
41.25	23.8157	nan	nan
43.75	23.8157	nan	nan
46.25	23.8157	nan	nan
48.75	23.8157	nan	nan
0	25.9808	nan	nan
2.5	25.9808	nan	nan
5	25.9808	nan	nan
7.5	25.9808	nan	nan
10	25.9808	nan	nan
12.5	25.9808	nan	nan
15	25.9808	nan	nan
17.5	25.9808	nan	nan
20	25.9808	nan	nan
22.5	25.9808	nan	nan
25	25.9808	nan	nan
27.5	25.9808	nan	nan
30	25.9808	nan	nan
32.5	25.9808	nan	nan
35	25.9808	nan	nan
37.5	25.9808	nan	nan
40	25.9808	nan	nan
42.5	25.9808	nan	nan
45	25.9808	nan	nan
47.5	25.9808	nan	nan
1.25	28.1458	nan	nan
3.75	28.1458	nan	nan
6.25	28.1458	nan	nan
8.75	28.1458	nan	nan
11.25	28.1458	nan	nan
13.75	28.1458	nan	nan
16.25	28.1458	nan	nan
18.75	28.1458	nan	nan
21.25	28.1458	nan	nan
23.75	28.1458	nan	nan
26.25	28.1458	nan	nan
28.75	28.1458	nan	nan
31.25	28.1458	nan	nan
33.75	28.1458	nan	nan
36.25	28.1458	nan	nan
38.75	28.1458	nan	nan
41.25	28.1458	nan	nan
43.75	28.1458	nan	nan
46.25	28.1458	nan	nan
48.75	28.1458	nan	nan
0	30.3109	nan	nan
2.5	30.3109	nan	nan
5	30.3109	nan	nan
7.5	30.3109	nan	nan
10	30.3109	nan	nan
12.5	30.3109	nan	nan
15	30.3109	nan	nan
17.5	30.3109	nan	nan
20	30.3109	nan	nan
22.5	30.3109	nan	nan
25	30.3109	nan	nan
27.5	30.3109	nan	nan
30	30.3109	nan	nan
32.5	30.3109	nan	nan
35	30.3109	nan	nan
37.5	30.3109	nan	nan
40	30.3109	nan	nan
42.5	30.3109	nan	nan
45	30.3109	nan	nan
47.5	30.3109	nan	nan
1.25	32.476	nan	nan
3.75	32.476	nan	nan
6.25	32.476	nan	nan
8.75	32.476	nan	nan
11.25	32.476	nan	nan
13.75	32.476	nan	nan
16.25	32.476	nan	nan
18.75	32.476	nan	nan
21.25	32.476	nan	nan
23.75	32.476	nan	nan
26.25	32.476	nan	nan
28.75	32.476	nan	nan
31.25	32.476	nan	nan
33.75	32.476	nan	nan
36.25	32.476	nan	nan
38.75	32.476	nan	nan
41.25	32.476	nan	nan
43.75	32.476	nan	nan
46.25	32.476	nan	nan
48.75	32.476	nan	nan
0	34.641	nan	nan
2.5	34.641	nan	nan
5	34.641	nan	nan
7.5	34.641	nan	nan
10	34.641	nan	nan
12.5	34.641	nan	nan
15	34.641	nan	nan
17.5	34.641	nan	nan
20	34.641	nan	nan
22.5	34.641	nan	nan
25	34.641	nan	nan
27.5	34.641	nan	nan
30	34.641	nan	nan
32.5	34.641	nan	nan
35	34.641	nan	nan
37.5	34.641	nan	nan
40	34.641	nan	nan
42.5	34.641	nan	nan
45	34.641	nan	nan
47.5	34.641	nan	nan
1.25	36.8061	nan	nan
3.75	36.8061	nan	nan
6.25	36.8061	nan	nan
8.75	36.8061	nan	nan
11.25	36.8061	nan	nan
13.75	36.8061	nan	nan
16.25	36.8061	nan	nan
18.75	36.8061	nan	nan
21.25	36.8061	nan	nan
23.75	36.8061	nan	nan
26.25	36.8061	nan	nan
28.75	36.8061	nan	nan
31.25	36.8061	nan	nan
33.75	36.8061	nan	nan
36.25	36.8061	nan	nan
38.75	36.8061	nan	nan
41.25	36.8061	nan	nan
43.75	36.8061	nan	nan
46.25	36.8061	nan	nan
48.75	36.8061	nan	nan
0	38.9711	nan	nan
2.5	38.9711	nan	nan
5	38.9711	nan	nan
7.5	38.9711	nan	nan
10	38.9711	nan	nan
12.5	38.9711	nan	nan
15	38.9711	nan	nan
17.5	38.9711	nan	nan
20	38.9711	nan	nan
22.5	38.9711	nan	nan
25	38.9711	nan	nan
27.5	38.9711	nan	nan
30	38.9711	nan	nan
32.5	38.9711	nan	nan
35	38.9711	nan	nan
37.5	38.9711	nan	nan
40	38.9711	nan	nan
42.5	38.9711	nan	nan
45	38.9711	nan	nan
47.5	38.9711	nan	nan
1.25	41.1362	nan	nan
3.75	41.1362	nan	nan
6.25	41.1362	nan	nan
8.75	41.1362	nan	nan
11.25	41.1362	nan	nan
13.75	41.1362	nan	nan
16.25	41.1362	nan	nan
18.75	41.1362	nan	nan
21.25	41.1362	nan	nan
23.75	41.1362	nan	nan
26.25	41.1362	nan	nan
28.75	41.1362	nan	nan
31.25	41.1362	nan	nan
33.75	41.1362	nan	nan
36.25	41.1362	nan	nan
38.75	41.1362	nan	nan
41.25	41.1362	nan	nan
43.75	41.1362	nan	nan
46.25	41.1362	nan	nan
48.75	41.1362	nan	nan
 
0	0	nan	nan
2.5	0	nan	nan
5	0	nan	nan
7.5	0	nan	nan
10	0	nan	nan
12.5	0	nan	nan
15	0	nan	nan
17.5	0	nan	nan
20	0	nan	nan
22.5	0	nan	nan
25	0	nan	nan
27.5	0	nan	nan
30	0	nan	nan
32.5	0	nan	nan
35	0	nan	nan
37.5	0	nan	nan
40	0	nan	nan
42.5	0	nan	nan
45	0	nan	nan
47.5	0	nan	nan
1.25	2.16506	nan	nan
3.75	2.16506	nan	nan
6.25	2.16506	nan	nan
8.75	2.16506	nan	nan
11.25	2.16506	nan	nan
13.75	2.16506	nan	nan
16.25	2.16506	nan	nan
18.75	2.16506	nan	nan
21.25	2.16506	nan	nan
23.75	2.16506	nan	nan
26.25	2.16506	nan	nan
28.75	2.16506	nan	nan
31.25	2.16506	nan	nan
33.75	2.16506	nan	nan
36.25	2.16506	nan	nan
38.75	2.16506	nan	nan
41.25	2.16506	nan	nan
43.75	2.16506	nan	nan
46.25	2.16506	nan	nan
48.75	2.16506	nan	nan
0	4.33013	nan	nan
2.5	4.33013	nan	nan
5	4.33013	nan	nan
7.5	4.33013	nan	nan
10	4.33013	nan	nan
12.5	4.33013	nan	nan
15	4.33013	nan	nan
17.5	4.33013	nan	nan
20	4.33013	nan	nan
22.5	4.33013	nan	nan
25	4.33013	nan	nan
27.5	4.33013	nan	nan
30	4.33013	nan	nan
32.5	4.33013	nan	nan
35	4.33013	nan	nan
37.5	4.33013	nan	nan
40	4.33013	nan	nan
42.5	4.33013	nan	nan
45	4.33013	nan	nan
47.5	4.33013	nan	nan
1.25	6.49519	nan	nan
3.75	6.49519	nan	nan
6.25	6.49519	nan	nan
8.75	6.49519	nan	nan
11.25	6.49519	nan	nan
13.75	6.49519	nan	nan
16.25	6.49519	nan	nan
18.75	6.49519	nan	nan
21.25	6.49519	nan	nan
23.75	6.49519	nan	nan
26.25	6.49519	nan	nan
28.75	6.49519	nan	nan
31.25	6.49519	nan	nan
33.75	6.49519	nan	nan
36.25	6.49519	nan	nan
38.75	6.49519	nan	nan
41.25	6.49519	nan	nan
43.75	6.49519	nan	nan
46.25	6.49519	nan	nan
48.75	6.49519	nan	nan
0	8.66025	nan	nan
2.5	8.66025	nan	nan
5	8.66025	nan	nan
7.5	8.66025	nan	nan
10	8.66025	nan	nan
12.5	8.66025	nan	nan
15	8.66025	nan	nan
17.5	8.66025	nan	nan
20	8.66025	nan	nan
22.5	8.66025	nan	nan
25	8.66025	nan	nan
27.5	8.66025	nan	nan
30	8.66025	nan	nan
32.5	8.66025	nan	nan
35	8.66025	nan	nan
37.5	8.66025	nan	nan
40	8.66025	nan	nan
42.5	8.66025	nan	nan
45	8.66025	nan	nan
47.5	8.66025	nan	nan
1.25	10.8253	nan	nan
3.75	10.8253	nan	nan
6.25	10.8253	nan	nan
8.75	10.8253	nan	nan
11.25	10.8253	nan	nan
13.75	10.8253	nan	nan
16.25	10.8253	nan	nan
18.75	10.8253	nan	nan
21.25	10.8253	nan	nan
23.75	10.8253	nan	nan
26.25	10.8253	nan	nan
28.75	10.8253	nan	nan
31.25	10.8253	nan	nan
33.75	10.8253	nan	nan
36.25	10.8253	nan	nan
38.75	10.8253	nan	nan
41.25	10.8253	nan	nan
43.75	10.8253	nan	nan
46.25	10.8253	nan	nan
48.75	10.8253	nan	nan
0	12.9904	nan	nan
2.5	12.9904	nan	nan
5	12.9904	nan	nan
7.5	12.9904	nan	nan
10	12.9904	nan	nan
12.5	12.9904	nan	nan
15	12.9904	nan	nan
17.5	12.9904	nan	nan
20	12.9904	nan	nan
22.5	12.9904	nan	nan
25	12.9904	nan	nan
27.5	12.9904	nan	nan
30	12.9904	nan	nan
32.5	12.9904	nan	nan
35	12.9904	nan	nan
37.5	12.9904	nan	nan
40	12.9904	nan	nan
42.5	12.9904	nan	nan
45	12.9904	nan	nan
47.5	12.9904	nan	nan
1.25	15.1554	nan	nan
3.75	15.1554	nan	nan
6.25	15.1554	nan	nan
8.75	15.1554	nan	nan
11.25	15.1554	nan	nan
13.75	15.1554	nan	nan
16.25	15.1554	nan	nan
18.75	15.1554	nan	nan
21.25	15.1554	nan	nan
23.75	15.1554	nan	nan
26.25	15.1554	nan	nan
28.75	15.1554	nan	nan
31.25	15.1554	nan	nan
33.75	15.1554	nan	nan
36.25	15.1554	nan	nan
38.75	15.1554	nan	nan
41.25	15.1554	nan	nan
43.75	15.1554	nan	nan
46.25	15.1554	nan	nan
48.75	15.1554	nan	nan
0	17.3205	nan	nan
2.5	17.3205	nan	nan
5	17.3205	nan	nan
7.5	17.3205	nan	nan
10	17.3205	nan	nan
12.5	17.3205	nan	nan
15	17.3205	nan	nan
17.5	17.3205	nan	nan
20	17.3205	nan	nan
22.5	17.3205	nan	nan
25	17.3205	nan	nan
27.5	17.3205	nan	nan
30	17.3205	nan	nan
32.5	17.3205	nan	nan
35	17.3205	nan	nan
37.5	17.3205	nan	nan
40	17.3205	nan	nan
42.5	17.3205	nan	nan
45	17.3205	nan	nan
47.5	17.3205	nan	nan
1.25	19.4856	nan	nan
3.75	19.4856	nan	nan
6.25	19.4856	nan	nan
8.75	19.4856	nan	nan
11.25	19.4856	nan	nan
13.75	19.4856	nan	nan
16.25	19.4856	nan	nan
18.75	19.4856	nan	nan
21.25	19.4856	nan	nan
23.75	19.4856	nan	nan
26.25	19.4856	nan	nan
28.75	19.4856	nan	nan
31.25	19.4856	nan	nan
33.75	19.4856	nan	nan
36.25	19.4856	nan	nan
38.75	19.4856	nan	nan
41.25	19.4856	nan	nan
43.75	19.4856	nan	nan
46.25	19.4856	nan	nan
48.75	19.4856	nan	nan
0	21.6506	nan	nan
2.5	21.6506	nan	nan
5	21.6506	nan	nan
7.5	21.6506	nan	nan
10	21.6506	nan	nan
12.5	21.6506	nan	nan
15	21.6506	nan	nan
17.5	21.6506	nan	nan
20	21.6506	nan	nan
22.5	21.6506	nan	nan
25	21.6506	nan	nan
27.5	21.6506	nan	nan
30	21.6506	nan	nan
32.5	21.6506	nan	nan
35	21.6506	nan	nan
37.5	21.6506	nan	nan
40	21.6506	nan	nan
42.5	21.6506	nan	nan
45	21.6506	nan	nan
47.5	21.6506	nan	nan
1.25	23.8157	nan	nan
3.75	23.8157	nan	nan
6.25	23.8157	nan	nan
8.75	23.8157	nan	nan
11.25	23.8157	nan	nan
13.75	23.8157	nan	nan
16.25	23.8157	nan	nan
18.75	23.8157	nan	nan
21.25	23.8157	nan	nan
23.75	23.8157	nan	nan
26.25	23.8157	nan	nan
28.75	23.8157	nan	nan
31.25	23.8157	nan	nan
33.75	23.8157	nan	nan
36.25	23.8157	nan	nan
38.75	23.8157	nan	nan
41.25	23.8157	nan	nan
43.75	23.8157	nan	nan
46.25	23.8157	nan	nan
48.75	23.8157	nan	nan
0	25.9808	nan	nan
2.5	25.9808	nan	nan
5	25.9808	nan	nan
7.5	25.9808	nan	nan
10	25.9808	nan	nan
12.5	25.9808	nan	nan
15	25.9808	nan	nan
17.5	25.9808	nan	nan
20	25.9808	nan	nan
22.5	25.9808	nan	nan
25	25.9808	nan	nan
27.5	25.9808	nan	nan
30	25.9808	nan	nan
32.5	25.9808	nan	nan
35	25.9808	nan	nan
37.5	25.9808	nan	nan
40	25.9808	nan	nan
42.5	25.9808	nan	nan
45	25.9808	nan	nan
47.5	25.9808	nan	nan
1.25	28.1458	nan	nan
3.75	28.1458	nan	nan
6.25	28.1458	nan	nan
8.75	28.1458	nan	nan
11.25	28.1458	nan	nan
13.75	28.1458	nan	nan
16.25	28.1458	nan	nan
18.75	28.1458	nan	nan
21.25	28.1458	nan	nan
23.75	28.1458	nan	nan
26.25	28.1458	nan	nan
28.75	28.1458	nan	nan
31.25	28.1458	nan	nan
33.75	28.1458	nan	nan
36.25	28.1458	nan	nan
38.75	28.1458	nan	nan
41.25	28.1458	nan	nan
43.75	28.1458	nan	nan
46.25	28.1458	nan	nan
48.75	28.1458	nan	nan
0	30.3109	nan	nan
2.5	30.3109	nan	nan
5	30.3109	nan	nan
7.5	30.3109	nan	nan
10	30.3109	nan	nan
12.5	30.3109	nan	nan
15	30.3109	nan	nan
17.5	30.3109	nan	nan
20	30.3109	nan	nan
22.5	30.3109	nan	nan
25	30.3109	nan	nan
27.5	30.3109	nan	nan
30	30.3109	nan	nan
32.5	30.3109	nan	nan
35	30.3109	nan	nan
37.5	30.3109	nan	nan
40	30.3109	nan	nan
42.5	30.3109	nan	nan
45	30.3109	nan	nan
47.5	30.3109	nan	nan
1.25	32.476	nan	nan
3.75	32.476	nan	nan
6.25	32.476	nan	nan
8.75	32.476	nan	nan
11.25	32.476	nan	nan
13.75	32.476	nan	nan
16.25	32.476	nan	nan
18.75	32.476	nan	nan
21.25	32.476	nan	nan
23.75	32.476	nan	nan
26.25	32.476	nan	nan
28.75	32.476	nan	nan
31.25	32.476	nan	nan
33.75	32.476	nan	nan
36.25	32.476	nan	nan
38.75	32.476	nan	nan
41.25	32.476	nan	nan
43.75	32.476	nan	nan
46.25	32.476	nan	nan
48.75	32.476	nan	nan
0	34.641	nan	nan
2.5	34.641	nan	nan
5	34.641	nan	nan
7.5	34.641	nan	nan
10	34.641	nan	nan
12.5	34.641	nan	nan
15	34.641	nan	nan
17.5	34.641	nan	nan
20	34.641	nan	nan
22.5	34.641	nan	nan
25	34.641	nan	nan
27.5	34.641	nan	nan
30	34.641	nan	nan
32.5	34.641	nan	nan
35	34.641	nan	nan
37.5	34.641	nan	nan
40	34.641	nan	nan
42.5	34.641	nan	nan
45	34.641	nan	nan
47.5	34.641	nan	nan
1.25	36.8061	nan	nan
3.75	36.8061	nan	nan
6.25	36.8061	nan	nan
8.75	36.8061	nan	nan
11.25	36.8061	nan	nan
13.75	36.8061	nan	nan
16.25	36.8061	nan	nan
18.75	36.8061	nan	nan
21.25	36.8061	nan	nan
23.75	36.8061	nan	nan
26.25	36.8061	nan	nan
28.75	36.8061	nan	nan
31.25	36.8061	nan	nan
33.75	36.8061	nan	nan
36.25	36.8061	nan	nan
38.75	36.8061	nan	nan
41.25	36.8061	nan	nan
43.75	36.8061	nan	nan
46.25	36.8061	nan	nan
48.75	36.8061	nan	nan
0	38.9711	nan	nan
2.5	38.9711	nan	nan
5	38.9711	nan	nan
7.5	38.9711	nan	nan
10	38.9711	nan	nan
12.5	38.9711	nan	nan
15	38.9711	nan	nan
17.5	38.9711	nan	nan
20	38.9711	nan	nan
22.5	38.9711	nan	nan
25	38.9711	nan	nan
27.5	38.9711	nan	nan
30	38.9711	nan	nan
32.5	38.9711	nan	nan
35	38.9711	nan	nan
37.5	38.9711	nan	nan
40	38.9711	nan	nan
42.5	38.9711	nan	nan
45	38.9711	nan	nan
47.5	38.9711	nan	nan
1.25	41.1362	nan	nan
3.75	41.1362	nan	nan
6.25	41.1362	nan	nan
8.75	41.1362	nan	nan
11.25	41.1362	nan	nan
13.75	41.1362	nan	nan
16.25	41.1362	nan	nan
18.75	41.1362	nan	nan
21.25	41.1362	nan	nan
23.75	41.1362	nan	nan
26.25	41.1362	nan	nan
28.75	41.1362	nan	nan
31.25	41.1362	nan	nan
33.75	41.1362	nan	nan
36.25	41.1362	nan	nan
38.75	41.1362	nan	nan
41.25	41.1362	nan	nan
43.75	41.1362	nan	nan
46.25	41.1362	nan	nan
48.75	41.1362	nan	nan
 
