0.0005	0.1
0.0015	0.1
0.0025	0.1
0.0035	0.1
0.0045	0.1
0.0055	0.1
0.0065	0.1
0.0075	0.1
0.0085	0.1
0.0095	0.1
0.0105	0.1
0.0115	0.1
0.0125	0.1
0.0135	0.1
0.0145	0.1
0.0155	0.1
0.0165	0.1
0.0175	0.1
0.0185	0.1
0.0195	0.1
0.0205	0.1
0.0215	0.1
0.0225	0.1
0.0235	0.1
0.0245	0.1
0.0255	0.1
0.0265	0.1
0.0275	0.1
0.0285	0.1
0.0295	0.1
0.0305	0.1
0.0315	0.1
0.0325	0.1
0.0335	0.1
0.0345	0.1
0.0355	0.1
0.0365	0.1
0.0375	0.1
0.0385	0.1
0.0395	0.1
0.0405	0.1
0.0415	0.1
0.0425	0.1
0.0435	0.1
0.0445	0.1
0.0455	0.1
0.0465	0.1
0.0475	0.1
0.0485	0.1
0.0495	0.1
0.0505	0.1
0.0515	0.1
0.0525	0.1
0.0535	0.1
0.0545	0.1
0.0555	0.1
0.0565	0.1
0.0575	0.1
0.0585	0.1
0.0595	0.1
0.0605	0.1
0.0615	0.1
0.0625	0.1
0.0635	0.1
0.0645	0.1
0.0655	0.1
0.0665	0.1
0.0675	0.1
0.0685	0.1
0.0695	0.1
0.0705	0.1
0.0715	0.1
0.0725	0.1
0.0735	0.1
0.0745	0.1
0.0755	0.1
0.0765	0.1
0.0775	0.1
0.0785	0.1
0.0795	0.1
0.0805	0.1
0.0815	0.1
0.0825	0.1
0.0835	0.1
0.0845	0.1
0.0855	0.1
0.0865	0.1
0.0875	0.1
0.0885	0.1
0.0895	0.1
0.0905	0.1
0.0915	0.1
0.0925	0.1
0.0935	0.1
0.0945	0.1
0.0955	0.1
0.0965	0.1
0.0975	0.1
0.0985	0.1
0.0995	0.1
0.1005	1000
0.1015	1000
0.1025	1000
0.1035	1000
0.1045	1000
0.1055	1000
0.1065	1000
0.1075	1000
0.1085	1000
0.1095	1000
0.1105	1000
0.1115	1000
0.1125	1000
0.1135	1000
0.1145	1000
0.1155	1000
0.1165	1000
0.1175	1000
0.1185	1000
0.1195	1000
0.1205	1000
0.1215	1000
0.1225	1000
0.1235	1000
0.1245	1000
0.1255	1000
0.1265	1000
0.1275	1000
0.1285	1000
0.1295	1000
0.1305	1000
0.1315	1000
0.1325	1000
0.1335	1000
0.1345	1000
0.1355	1000
0.1365	1000
0.1375	1000
0.1385	1000
0.1395	1000
0.1405	1000
0.1415	1000
0.1425	1000
0.1435	1000
0.1445	1000
0.1455	1000
0.1465	1000
0.1475	1000
0.1485	1000
0.1495	1000
0.1505	1000
0.1515	1000
0.1525	1000
0.1535	1000
0.1545	1000
0.1555	1000
0.1565	1000
0.1575	1000
0.1585	1000
0.1595	1000
0.1605	1000
0.1615	1000
0.1625	1000
0.1635	1000
0.1645	1000
0.1655	1000
0.1665	1000
0.1675	1000
0.1685	1000
0.1695	1000
0.1705	1000
0.1715	1000
0.1725	1000
0.1735	1000
0.1745	1000
0.1755	1000
0.1765	1000
0.1775	1000
0.1785	1000
0.1795	1000
0.1805	1000
0.1815	1000
0.1825	1000
0.1835	1000
0.1845	1000
0.1855	1000
0.1865	1000
0.1875	1000
0.1885	1000
0.1895	1000
0.1905	1000
0.1915	1000
0.1925	1000
0.1935	1000
0.1945	1000
0.1955	1000
0.1965	1000
0.1975	1000
0.1985	1000
0.1995	1000
0.2005	0.1
0.2015	0.1
0.2025	0.1
0.2035	0.1
0.2045	0.1
0.2055	0.1
0.2065	0.1
0.2075	0.1
0.2085	0.1
0.2095	0.1
0.2105	0.1
0.2115	0.1
0.2125	0.1
0.2135	0.1
0.2145	0.1
0.2155	0.1
0.2165	0.1
0.2175	0.1
0.2185	0.1
0.2195	0.1
0.2205	0.1
0.2215	0.1
0.2225	0.1
0.2235	0.1
0.2245	0.1
0.2255	0.1
0.2265	0.1
0.2275	0.1
0.2285	0.1
0.2295	0.1
0.2305	0.1
0.2315	0.1
0.2325	0.1
0.2335	0.1
0.2345	0.1
0.2355	0.1
0.2365	0.1
0.2375	0.1
0.2385	0.1
0.2395	0.1
0.2405	0.1
0.2415	0.1
0.2425	0.1
0.2435	0.1
0.2445	0.1
0.2455	0.1
0.2465	0.1
0.2475	0.1
0.2485	0.1
0.2495	0.1
0.2505	0.1
0.2515	0.1
0.2525	0.1
0.2535	0.1
0.2545	0.1
0.2555	0.1
0.2565	0.1
0.2575	0.1
0.2585	0.1
0.2595	0.1
0.2605	0.1
0.2615	0.1
0.2625	0.1
0.2635	0.1
0.2645	0.1
0.2655	0.1
0.2665	0.1
0.2675	0.1
0.2685	0.1
0.2695	0.1
0.2705	0.1
0.2715	0.1
0.2725	0.1
0.2735	0.1
0.2745	0.1
0.2755	0.1
0.2765	0.1
0.2775	0.1
0.2785	0.1
0.2795	0.1
0.2805	0.1
0.2815	0.1
0.2825	0.1
0.2835	0.1
0.2845	0.1
0.2855	0.1
0.2865	0.1
0.2875	0.1
0.2885	0.1
0.2895	0.1
0.2905	0.1
0.2915	0.1
0.2925	0.1
0.2935	0.1
0.2945	0.1
0.2955	0.1
0.2965	0.1
0.2975	0.1
0.2985	0.1
0.2995	0.1
0.3005	0.1
0.3015	0.1
0.3025	0.1
0.3035	0.1
0.3045	0.1
0.3055	0.1
0.3065	0.1
0.3075	0.1
0.3085	0.1
0.3095	0.1
0.3105	0.1
0.3115	0.1
0.3125	0.1
0.3135	0.1
0.3145	0.1
0.3155	0.1
0.3165	0.1
0.3175	0.1
0.3185	0.1
0.3195	0.1
0.3205	0.1
0.3215	0.1
0.3225	0.1
0.3235	0.1
0.3245	0.1
0.3255	0.1
0.3265	0.1
0.3275	0.1
0.3285	0.1
0.3295	0.1
0.3305	0.1
0.3315	0.1
0.3325	0.1
0.3335	0.1
0.3345	0.1
0.3355	0.1
0.3365	0.1
0.3375	0.1
0.3385	0.1
0.3395	0.1
0.3405	0.1
0.3415	0.1
0.3425	0.1
0.3435	0.1
0.3445	0.1
0.3455	0.1
0.3465	0.1
0.3475	0.1
0.3485	0.1
0.3495	0.1
0.3505	0.1
0.3515	0.1
0.3525	0.1
0.3535	0.1
0.3545	0.1
0.3555	0.1
0.3565	0.1
0.3575	0.1
0.3585	0.1
0.3595	0.1
0.3605	0.1
0.3615	0.1
0.3625	0.1
0.3635	0.1
0.3645	0.1
0.3655	0.1
0.3665	0.1
0.3675	0.1
0.3685	0.1
0.3695	0.1
0.3705	0.1
0.3715	0.1
0.3725	0.1
0.3735	0.1
0.3745	0.1
0.3755	0.1
0.3765	0.1
0.3775	0.1
0.3785	0.1
0.3795	0.1
0.3805	0.1
0.3815	0.1
0.3825	0.1
0.3835	0.1
0.3845	0.1
0.3855	0.1
0.3865	0.1
0.3875	0.1
0.3885	0.1
0.3895	0.1
0.3905	0.1
0.3915	0.1
0.3925	0.1
0.3935	0.1
0.3945	0.1
0.3955	0.1
0.3965	0.1
0.3975	0.1
0.3985	0.1
0.3995	0.1
0.4005	0.1
0.4015	0.1
0.4025	0.1
0.4035	0.1
0.4045	0.1
0.4055	0.1
0.4065	0.1
0.4075	0.1
0.4085	0.1
0.4095	0.1
0.4105	0.1
0.4115	0.1
0.4125	0.1
0.4135	0.1
0.4145	0.1
0.4155	0.1
0.4165	0.1
0.4175	0.1
0.4185	0.1
0.4195	0.1
0.4205	0.1
0.4215	0.1
0.4225	0.1
0.4235	0.1
0.4245	0.1
0.4255	0.1
0.4265	0.1
0.4275	0.1
0.4285	0.1
0.4295	0.1
0.4305	0.1
0.4315	0.1
0.4325	0.1
0.4335	0.1
0.4345	0.1
0.4355	0.1
0.4365	0.1
0.4375	0.1
0.4385	0.1
0.4395	0.1
0.4405	0.1
0.4415	0.1
0.4425	0.1
0.4435	0.1
0.4445	0.1
0.4455	0.1
0.4465	0.1
0.4475	0.1
0.4485	0.1
0.4495	0.1
0.4505	0.1
0.4515	0.1
0.4525	0.1
0.4535	0.1
0.4545	0.1
0.4555	0.1
0.4565	0.1
0.4575	0.1
0.4585	0.1
0.4595	0.1
0.4605	0.1
0.4615	0.1
0.4625	0.1
0.4635	0.1
0.4645	0.1
0.4655	0.1
0.4665	0.1
0.4675	0.1
0.4685	0.1
0.4695	0.1
0.4705	0.1
0.4715	0.1
0.4725	0.1
0.4735	0.1
0.4745	0.1
0.4755	0.1
0.4765	0.1
0.4775	0.1
0.4785	0.1
0.4795	0.1
0.4805	0.1
0.4815	0.1
0.4825	0.1
0.4835	0.1
0.4845	0.1
0.4855	0.1
0.4865	0.1
0.4875	0.1
0.4885	0.1
0.4895	0.1
0.4905	0.1
0.4915	0.1
0.4925	0.1
0.4935	0.1
0.4945	0.1
0.4955	0.1
0.4965	0.1
0.4975	0.1
0.4985	0.1
0.4995	0.1
0.5005	0.1
0.5015	0.1
0.5025	0.1
0.5035	0.1
0.5045	0.1
0.5055	0.1
0.5065	0.1
0.5075	0.1
0.5085	0.1
0.5095	0.1
0.5105	0.1
0.5115	0.1
0.5125	0.1
0.5135	0.1
0.5145	0.1
0.5155	0.1
0.5165	0.1
0.5175	0.1
0.5185	0.1
0.5195	0.1
0.5205	0.1
0.5215	0.1
0.5225	0.1
0.5235	0.1
0.5245	0.1
0.5255	0.1
0.5265	0.1
0.5275	0.1
0.5285	0.1
0.5295	0.1
0.5305	0.1
0.5315	0.1
0.5325	0.1
0.5335	0.1
0.5345	0.1
0.5355	0.1
0.5365	0.1
0.5375	0.1
0.5385	0.1
0.5395	0.1
0.5405	0.1
0.5415	0.1
0.5425	0.1
0.5435	0.1
0.5445	0.1
0.5455	0.1
0.5465	0.1
0.5475	0.1
0.5485	0.1
0.5495	0.1
0.5505	0.1
0.5515	0.1
0.5525	0.1
0.5535	0.1
0.5545	0.1
0.5555	0.1
0.5565	0.1
0.5575	0.1
0.5585	0.1
0.5595	0.1
0.5605	0.1
0.5615	0.1
0.5625	0.1
0.5635	0.1
0.5645	0.1
0.5655	0.1
0.5665	0.1
0.5675	0.1
0.5685	0.1
0.5695	0.1
0.5705	0.1
0.5715	0.1
0.5725	0.1
0.5735	0.1
0.5745	0.1
0.5755	0.1
0.5765	0.1
0.5775	0.1
0.5785	0.1
0.5795	0.1
0.5805	0.1
0.5815	0.1
0.5825	0.1
0.5835	0.1
0.5845	0.1
0.5855	0.1
0.5865	0.1
0.5875	0.1
0.5885	0.1
0.5895	0.1
0.5905	0.1
0.5915	0.1
0.5925	0.1
0.5935	0.1
0.5945	0.1
0.5955	0.1
0.5965	0.1
0.5975	0.1
0.5985	0.1
0.5995	0.1
0.6005	0.1
0.6015	0.1
0.6025	0.1
0.6035	0.1
0.6045	0.1
0.6055	0.1
0.6065	0.1
0.6075	0.1
0.6085	0.1
0.6095	0.1
0.6105	0.1
0.6115	0.1
0.6125	0.1
0.6135	0.1
0.6145	0.1
0.6155	0.1
0.6165	0.1
0.6175	0.1
0.6185	0.1
0.6195	0.1
0.6205	0.1
0.6215	0.1
0.6225	0.1
0.6235	0.1
0.6245	0.1
0.6255	0.1
0.6265	0.1
0.6275	0.1
0.6285	0.1
0.6295	0.1
0.6305	0.1
0.6315	0.1
0.6325	0.1
0.6335	0.1
0.6345	0.1
0.6355	0.1
0.6365	0.1
0.6375	0.1
0.6385	0.1
0.6395	0.1
0.6405	0.1
0.6415	0.1
0.6425	0.1
0.6435	0.1
0.6445	0.1
0.6455	0.1
0.6465	0.1
0.6475	0.1
0.6485	0.1
0.6495	0.1
0.6505	0.1
0.6515	0.1
0.6525	0.1
0.6535	0.1
0.6545	0.1
0.6555	0.1
0.6565	0.1
0.6575	0.1
0.6585	0.1
0.6595	0.1
0.6605	0.1
0.6615	0.1
0.6625	0.1
0.6635	0.1
0.6645	0.1
0.6655	0.1
0.6665	0.1
0.6675	0.1
0.6685	0.1
0.6695	0.1
0.6705	0.1
0.6715	0.1
0.6725	0.1
0.6735	0.1
0.6745	0.1
0.6755	0.1
0.6765	0.1
0.6775	0.1
0.6785	0.1
0.6795	0.1
0.6805	0.1
0.6815	0.1
0.6825	0.1
0.6835	0.1
0.6845	0.1
0.6855	0.1
0.6865	0.1
0.6875	0.1
0.6885	0.1
0.6895	0.1
0.6905	0.1
0.6915	0.1
0.6925	0.1
0.6935	0.1
0.6945	0.1
0.6955	0.1
0.6965	0.1
0.6975	0.1
0.6985	0.1
0.6995	0.1
0.7005	0.1
0.7015	0.1
0.7025	0.1
0.7035	0.1
0.7045	0.1
0.7055	0.1
0.7065	0.1
0.7075	0.1
0.7085	0.1
0.7095	0.1
0.7105	0.1
0.7115	0.1
0.7125	0.1
0.7135	0.1
0.7145	0.1
0.7155	0.1
0.7165	0.1
0.7175	0.1
0.7185	0.1
0.7195	0.1
0.7205	0.1
0.7215	0.1
0.7225	0.1
0.7235	0.1
0.7245	0.1
0.7255	0.1
0.7265	0.1
0.7275	0.1
0.7285	0.1
0.7295	0.1
0.7305	0.1
0.7315	0.1
0.7325	0.1
0.7335	0.1
0.7345	0.1
0.7355	0.1
0.7365	0.1
0.7375	0.1
0.7385	0.1
0.7395	0.1
0.7405	0.1
0.7415	0.1
0.7425	0.1
0.7435	0.1
0.7445	0.1
0.7455	0.1
0.7465	0.1
0.7475	0.1
0.7485	0.1
0.7495	0.1
0.7505	0.1
0.7515	0.1
0.7525	0.1
0.7535	0.1
0.7545	0.1
0.7555	0.1
0.7565	0.1
0.7575	0.1
0.7585	0.1
0.7595	0.1
0.7605	0.1
0.7615	0.1
0.7625	0.1
0.7635	0.1
0.7645	0.1
0.7655	0.1
0.7665	0.1
0.7675	0.1
0.7685	0.1
0.7695	0.1
0.7705	0.1
0.7715	0.1
0.7725	0.1
0.7735	0.1
0.7745	0.1
0.7755	0.1
0.7765	0.1
0.7775	0.1
0.7785	0.1
0.7795	0.1
0.7805	0.1
0.7815	0.1
0.7825	0.1
0.7835	0.1
0.7845	0.1
0.7855	0.1
0.7865	0.1
0.7875	0.1
0.7885	0.1
0.7895	0.1
0.7905	0.1
0.7915	0.1
0.7925	0.1
0.7935	0.1
0.7945	0.1
0.7955	0.1
0.7965	0.1
0.7975	0.1
0.7985	0.1
0.7995	0.1
0.8005	100
0.8015	100
0.8025	100
0.8035	100
0.8045	100
0.8055	100
0.8065	100
0.8075	100
0.8085	100
0.8095	100
0.8105	100
0.8115	100
0.8125	100
0.8135	100
0.8145	100
0.8155	100
0.8165	100
0.8175	100
0.8185	100
0.8195	100
0.8205	100
0.8215	100
0.8225	100
0.8235	100
0.8245	100
0.8255	100
0.8265	100
0.8275	100
0.8285	100
0.8295	100
0.8305	100
0.8315	100
0.8325	100
0.8335	100
0.8345	100
0.8355	100
0.8365	100
0.8375	100
0.8385	100
0.8395	100
0.8405	100
0.8415	100
0.8425	100
0.8435	100
0.8445	100
0.8455	100
0.8465	100
0.8475	100
0.8485	100
0.8495	100
0.8505	100
0.8515	100
0.8525	100
0.8535	100
0.8545	100
0.8555	100
0.8565	100
0.8575	100
0.8585	100
0.8595	100
0.8605	100
0.8615	100
0.8625	100
0.8635	100
0.8645	100
0.8655	100
0.8665	100
0.8675	100
0.8685	100
0.8695	100
0.8705	100
0.8715	100
0.8725	100
0.8735	100
0.8745	100
0.8755	100
0.8765	100
0.8775	100
0.8785	100
0.8795	100
0.8805	100
0.8815	100
0.8825	100
0.8835	100
0.8845	100
0.8855	100
0.8865	100
0.8875	100
0.8885	100
0.8895	100
0.8905	100
0.8915	100
0.8925	100
0.8935	100
0.8945	100
0.8955	100
0.8965	100
0.8975	100
0.8985	100
0.8995	100
0.9005	0.1
0.9015	0.1
0.9025	0.1
0.9035	0.1
0.9045	0.1
0.9055	0.1
0.9065	0.1
0.9075	0.1
0.9085	0.1
0.9095	0.1
0.9105	0.1
0.9115	0.1
0.9125	0.1
0.9135	0.1
0.9145	0.1
0.9155	0.1
0.9165	0.1
0.9175	0.1
0.9185	0.1
0.9195	0.1
0.9205	0.1
0.9215	0.1
0.9225	0.1
0.9235	0.1
0.9245	0.1
0.9255	0.1
0.9265	0.1
0.9275	0.1
0.9285	0.1
0.9295	0.1
0.9305	0.1
0.9315	0.1
0.9325	0.1
0.9335	0.1
0.9345	0.1
0.9355	0.1
0.9365	0.1
0.9375	0.1
0.9385	0.1
0.9395	0.1
0.9405	0.1
0.9415	0.1
0.9425	0.1
0.9435	0.1
0.9445	0.1
0.9455	0.1
0.9465	0.1
0.9475	0.1
0.9485	0.1
0.9495	0.1
0.9505	0.1
0.9515	0.1
0.9525	0.1
0.9535	0.1
0.9545	0.1
0.9555	0.1
0.9565	0.1
0.9575	0.1
0.9585	0.1
0.9595	0.1
0.9605	0.1
0.9615	0.1
0.9625	0.1
0.9635	0.1
0.9645	0.1
0.9655	0.1
0.9665	0.1
0.9675	0.1
0.9685	0.1
0.9695	0.1
0.9705	0.1
0.9715	0.1
0.9725	0.1
0.9735	0.1
0.9745	0.1
0.9755	0.1
0.9765	0.1
0.9775	0.1
0.9785	0.1
0.9795	0.1
0.9805	0.1
0.9815	0.1
0.9825	0.1
0.9835	0.1
0.9845	0.1
0.9855	0.1
0.9865	0.1
0.9875	0.1
0.9885	0.1
0.9895	0.1
0.9905	0.1
0.9915	0.1
0.9925	0.1
0.9935	0.1
0.9945	0.1
0.9955	0.1
0.9965	0.1
0.9975	0.1
0.9985	0.1
0.9995	0.1
 
0.0005	0.1
0.0015	0.1
0.0025	0.1
0.0035	0.1
0.0045	0.1
0.0055	0.1
0.0065	0.1
0.0075	0.1
0.0085	0.1
0.0095	0.1
0.0105	0.1
0.0115	0.1
0.0125	0.1
0.0135	0.1
0.0145	0.1
0.0155	0.1
0.0165	0.1
0.0175	0.1
0.0185	0.1
0.0195	0.1
0.0205	0.1
0.0215	0.1
0.0225	0.1
0.0235	0.1
0.0245	0.1
0.0255	0.1
0.0265	0.1
0.0275	0.1
0.0285	0.1
0.0295	0.1
0.0305	0.1
0.0315	0.1
0.0325	0.1
0.0335	0.1
0.0345	0.1
0.0355	0.1
0.0365	0.1
0.0375	0.1
0.0385	0.1
0.0395	0.1
0.0405	0.1
0.0415	0.1
0.0425	0.1
0.0435	0.1
0.0445	0.1
0.0455	0.1
0.0465	0.1
0.0475	0.1
0.0485	0.1
0.0495	0.1
0.0505	0.1
0.0515	0.1
0.0525	0.1
0.0535	0.1
0.0545	0.1
0.0555	0.1
0.0565	0.1
0.0575	0.1
0.0585	0.1
0.0595	0.1
0.0605	0.1
0.0615	0.1
0.0625	0.1
0.0635	0.1
0.0645	0.1
0.0655	0.1
0.0665	0.1
0.0675	0.1
0.0685	0.1
0.0695	0.1
0.0705	0.1
0.0715	0.1
0.0725	0.1
0.0735	0.1
0.0745	0.1
0.0755	0.1
0.0765	0.1
0.0775	0.1
0.0785	0.1
0.0795	0.1
0.0805	0.1
0.0815	0.1
0.0825	0.1
0.0835	0.1
0.0845	0.1
0.0855	0.100012
0.0865	0.107552
0.0875	1.56281
0.0885	26.453
0.0895	114.324
0.0905	241.28
0.0915	349.975
0.0925	414.062
0.0935	440.809
0.0945	448.097
0.0955	448.813
0.0965	448.6
0.0975	448.268
0.0985	448.046
0.0995	448.625
0.1005	452.01
0.1015	461.081
0.1025	477.576
0.1035	501.212
0.1045	530.59
0.1055	564.178
0.1065	600.693
0.1075	639.095
0.1085	678.501
0.1095	718.103
0.1105	757.125
0.1115	794.802
0.1125	830.389
0.1135	863.194
0.1145	892.619
0.1155	918.215
0.1165	939.729
0.1175	957.142
0.1185	970.665
0.1195	980.712
0.1205	987.838
0.1215	992.652
0.1225	995.749
0.1235	997.645
0.1245	998.751
0.1255	999.365
0.1265	999.69
0.1275	999.855
0.1285	999.935
0.1295	999.972
0.1305	999.988
0.1315	999.995
0.1325	999.998
0.1335	999.999
0.1345	1000
0.1355	1000
0.1365	1000
0.1375	1000
0.1385	1000
0.1395	1000
0.1405	1000
0.1415	1000
0.1425	1000
0.1435	1000
0.1445	1000
0.1455	1000
0.1465	1000
0.1475	1000
0.1485	1000
0.1495	1000
0.1505	1000
0.1515	1000
0.1525	1000
0.1535	1000
0.1545	1000
0.1555	1000
0.1565	1000
0.1575	1000
0.1585	1000
0.1595	1000
0.1605	1000
0.1615	1000
0.1625	1000
0.1635	1000
0.1645	1000
0.1655	1000
0.1665	999.999
0.1675	999.998
0.1685	999.995
0.1695	999.988
0.1705	999.972
0.1715	999.935
0.1725	999.855
0.1735	999.69
0.1745	999.365
0.1755	998.751
0.1765	997.645
0.1775	995.749
0.1785	992.652
0.1795	987.838
0.1805	980.712
0.1815	970.665
0.1825	957.142
0.1835	939.729
0.1845	918.215
0.1855	892.619
0.1865	863.194
0.1875	830.389
0.1885	794.802
0.1895	757.125
0.1905	718.103
0.1915	678.501
0.1925	639.095
0.1935	600.693
0.1945	564.178
0.1955	530.59
0.1965	501.212
0.1975	477.576
0.1985	461.081
0.1995	452.01
0.2005	448.625
0.2015	448.046
0.2025	448.268
0.2035	448.6
0.2045	448.813
0.2055	448.097
0.2065	440.809
0.2075	414.062
0.2085	349.975
0.2095	241.28
0.2105	114.324
0.2115	26.453
0.2125	1.56281
0.2135	0.107552
0.2145	0.100012
0.2155	0.1
0.2165	0.1
0.2175	0.1
0.2185	0.1
0.2195	0.1
0.2205	0.1
0.2215	0.1
0.2225	0.1
0.2235	0.1
0.2245	0.1
0.2255	0.1
0.2265	0.1
0.2275	0.1
0.2285	0.1
0.2295	0.1
0.2305	0.1
0.2315	0.1
0.2325	0.1
0.2335	0.1
0.2345	0.1
0.2355	0.1
0.2365	0.1
0.2375	0.1
0.2385	0.1
0.2395	0.1
0.2405	0.1
0.2415	0.1
0.2425	0.1
0.2435	0.1
0.2445	0.1
0.2455	0.1
0.2465	0.1
0.2475	0.1
0.2485	0.1
0.2495	0.1
0.2505	0.1
0.2515	0.1
0.2525	0.1
0.2535	0.1
0.2545	0.1
0.2555	0.1
0.2565	0.1
0.2575	0.1
0.2585	0.1
0.2595	0.1
0.2605	0.1
0.2615	0.1
0.2625	0.1
0.2635	0.1
0.2645	0.1
0.2655	0.1
0.2665	0.1
0.2675	0.1
0.2685	0.1
0.2695	0.1
0.2705	0.1
0.2715	0.1
0.2725	0.1
0.2735	0.1
0.2745	0.1
0.2755	0.1
0.2765	0.1
0.2775	0.1
0.2785	0.1
0.2795	0.1
0.2805	0.1
0.2815	0.1
0.2825	0.1
0.2835	0.1
0.2845	0.1
0.2855	0.1
0.2865	0.1
0.2875	0.1
0.2885	0.1
0.2895	0.1
0.2905	0.1
0.2915	0.1
0.2925	0.1
0.2935	0.1
0.2945	0.1
0.2955	0.1
0.2965	0.1
0.2975	0.1
0.2985	0.1
0.2995	0.1
0.3005	0.1
0.3015	0.1
0.3025	0.1
0.3035	0.1
0.3045	0.1
0.3055	0.1
0.3065	0.1
0.3075	0.1
0.3085	0.1
0.3095	0.1
0.3105	0.1
0.3115	0.1
0.3125	0.1
0.3135	0.1
0.3145	0.1
0.3155	0.1
0.3165	0.1
0.3175	0.1
0.3185	0.1
0.3195	0.1
0.3205	0.1
0.3215	0.1
0.3225	0.1
0.3235	0.1
0.3245	0.1
0.3255	0.1
0.3265	0.1
0.3275	0.1
0.3285	0.1
0.3295	0.1
0.3305	0.1
0.3315	0.1
0.3325	0.1
0.3335	0.1
0.3345	0.1
0.3355	0.1
0.3365	0.1
0.3375	0.1
0.3385	0.1
0.3395	0.1
0.3405	0.1
0.3415	0.1
0.3425	0.1
0.3435	0.1
0.3445	0.1
0.3455	0.1
0.3465	0.1
0.3475	0.1
0.3485	0.1
0.3495	0.1
0.3505	0.1
0.3515	0.1
0.3525	0.1
0.3535	0.1
0.3545	0.1
0.3555	0.1
0.3565	0.1
0.3575	0.1
0.3585	0.1
0.3595	0.1
0.3605	0.1
0.3615	0.1
0.3625	0.1
0.3635	0.1
0.3645	0.1
0.3655	0.1
0.3665	0.1
0.3675	0.1
0.3685	0.1
0.3695	0.1
0.3705	0.1
0.3715	0.1
0.3725	0.1
0.3735	0.1
0.3745	0.1
0.3755	0.1
0.3765	0.1
0.3775	0.1
0.3785	0.1
0.3795	0.1
0.3805	0.1
0.3815	0.1
0.3825	0.1
0.3835	0.1
0.3845	0.1
0.3855	0.1
0.3865	0.1
0.3875	0.1
0.3885	0.1
0.3895	0.1
0.3905	0.1
0.3915	0.1
0.3925	0.1
0.3935	0.1
0.3945	0.1
0.3955	0.1
0.3965	0.1
0.3975	0.1
0.3985	0.1
0.3995	0.1
0.4005	0.1
0.4015	0.1
0.4025	0.1
0.4035	0.1
0.4045	0.1
0.4055	0.1
0.4065	0.1
0.4075	0.1
0.4085	0.1
0.4095	0.1
0.4105	0.1
0.4115	0.1
0.4125	0.1
0.4135	0.1
0.4145	0.1
0.4155	0.1
0.4165	0.1
0.4175	0.1
0.4185	0.1
0.4195	0.1
0.4205	0.1
0.4215	0.1
0.4225	0.1
0.4235	0.1
0.4245	0.1
0.4255	0.1
0.4265	0.1
0.4275	0.1
0.4285	0.1
0.4295	0.1
0.4305	0.1
0.4315	0.1
0.4325	0.1
0.4335	0.1
0.4345	0.1
0.4355	0.1
0.4365	0.1
0.4375	0.1
0.4385	0.1
0.4395	0.1
0.4405	0.1
0.4415	0.1
0.4425	0.1
0.4435	0.1
0.4445	0.1
0.4455	0.1
0.4465	0.1
0.4475	0.1
0.4485	0.1
0.4495	0.1
0.4505	0.1
0.4515	0.1
0.4525	0.1
0.4535	0.1
0.4545	0.1
0.4555	0.1
0.4565	0.1
0.4575	0.1
0.4585	0.1
0.4595	0.1
0.4605	0.1
0.4615	0.1
0.4625	0.1
0.4635	0.1
0.4645	0.1
0.4655	0.1
0.4665	0.1
0.4675	0.1
0.4685	0.1
0.4695	0.1
0.4705	0.1
0.4715	0.1
0.4725	0.1
0.4735	0.1
0.4745	0.1
0.4755	0.1
0.4765	0.1
0.4775	0.1
0.4785	0.1
0.4795	0.1
0.4805	0.1
0.4815	0.1
0.4825	0.1
0.4835	0.1
0.4845	0.1
0.4855	0.1
0.4865	0.1
0.4875	0.1
0.4885	0.1
0.4895	0.1
0.4905	0.1
0.4915	0.1
0.4925	0.1
0.4935	0.1
0.4945	0.1
0.4955	0.1
0.4965	0.1
0.4975	0.1
0.4985	0.1
0.4995	0.1
0.5005	0.1
0.5015	0.1
0.5025	0.1
0.5035	0.1
0.5045	0.1
0.5055	0.1
0.5065	0.1
0.5075	0.1
0.5085	0.1
0.5095	0.1
0.5105	0.1
0.5115	0.1
0.5125	0.1
0.5135	0.1
0.5145	0.1
0.5155	0.1
0.5165	0.1
0.5175	0.1
0.5185	0.1
0.5195	0.1
0.5205	0.1
0.5215	0.1
0.5225	0.1
0.5235	0.1
0.5245	0.1
0.5255	0.1
0.5265	0.1
0.5275	0.1
0.5285	0.1
0.5295	0.1
0.5305	0.1
0.5315	0.1
0.5325	0.1
0.5335	0.1
0.5345	0.1
0.5355	0.1
0.5365	0.1
0.5375	0.1
0.5385	0.1
0.5395	0.1
0.5405	0.1
0.5415	0.1
0.5425	0.1
0.5435	0.1
0.5445	0.1
0.5455	0.1
0.5465	0.1
0.5475	0.1
0.5485	0.1
0.5495	0.1
0.5505	0.1
0.5515	0.1
0.5525	0.1
0.5535	0.1
0.5545	0.1
0.5555	0.1
0.5565	0.1
0.5575	0.1
0.5585	0.1
0.5595	0.1
0.5605	0.1
0.5615	0.1
0.5625	0.1
0.5635	0.1
0.5645	0.1
0.5655	0.1
0.5665	0.1
0.5675	0.1
0.5685	0.1
0.5695	0.1
0.5705	0.1
0.5715	0.1
0.5725	0.1
0.5735	0.1
0.5745	0.1
0.5755	0.1
0.5765	0.1
0.5775	0.1
0.5785	0.1
0.5795	0.1
0.5805	0.1
0.5815	0.1
0.5825	0.1
0.5835	0.1
0.5845	0.1
0.5855	0.1
0.5865	0.1
0.5875	0.1
0.5885	0.1
0.5895	0.1
0.5905	0.1
0.5915	0.1
0.5925	0.1
0.5935	0.1
0.5945	0.1
0.5955	0.1
0.5965	0.1
0.5975	0.1
0.5985	0.1
0.5995	0.1
0.6005	0.1
0.6015	0.1
0.6025	0.1
0.6035	0.1
0.6045	0.1
0.6055	0.1
0.6065	0.1
0.6075	0.1
0.6085	0.1
0.6095	0.1
0.6105	0.1
0.6115	0.1
0.6125	0.1
0.6135	0.1
0.6145	0.1
0.6155	0.1
0.6165	0.1
0.6175	0.1
0.6185	0.1
0.6195	0.1
0.6205	0.1
0.6215	0.1
0.6225	0.1
0.6235	0.1
0.6245	0.1
0.6255	0.1
0.6265	0.1
0.6275	0.1
0.6285	0.1
0.6295	0.1
0.6305	0.1
0.6315	0.1
0.6325	0.1
0.6335	0.1
0.6345	0.1
0.6355	0.1
0.6365	0.1
0.6375	0.1
0.6385	0.1
0.6395	0.1
0.6405	0.1
0.6415	0.1
0.6425	0.1
0.6435	0.1
0.6445	0.1
0.6455	0.1
0.6465	0.1
0.6475	0.1
0.6485	0.1
0.6495	0.1
0.6505	0.1
0.6515	0.1
0.6525	0.1
0.6535	0.1
0.6545	0.1
0.6555	0.1
0.6565	0.1
0.6575	0.1
0.6585	0.1
0.6595	0.1
0.6605	0.1
0.6615	0.1
0.6625	0.1
0.6635	0.1
0.6645	0.1
0.6655	0.1
0.6665	0.1
0.6675	0.1
0.6685	0.1
0.6695	0.1
0.6705	0.1
0.6715	0.1
0.6725	0.1
0.6735	0.1
0.6745	0.1
0.6755	0.1
0.6765	0.1
0.6775	0.1
0.6785	0.1
0.6795	0.1
0.6805	0.1
0.6815	0.1
0.6825	0.1
0.6835	0.1
0.6845	0.1
0.6855	0.1
0.6865	0.1
0.6875	0.1
0.6885	0.1
0.6895	0.1
0.6905	0.1
0.6915	0.1
0.6925	0.1
0.6935	0.1
0.6945	0.1
0.6955	0.1
0.6965	0.1
0.6975	0.1
0.6985	0.1
0.6995	0.1
0.7005	0.1
0.7015	0.1
0.7025	0.1
0.7035	0.1
0.7045	0.1
0.7055	0.1
0.7065	0.1
0.7075	0.1
0.7085	0.1
0.7095	0.1
0.7105	0.1
0.7115	0.1
0.7125	0.1
0.7135	0.1
0.7145	0.1
0.7155	0.1
0.7165	0.1
0.7175	0.1
0.7185	0.1
0.7195	0.1
0.7205	0.1
0.7215	0.1
0.7225	0.1
0.7235	0.1
0.7245	0.1
0.7255	0.1
0.7265	0.1
0.7275	0.1
0.7285	0.1
0.7295	0.1
0.7305	0.1
0.7315	0.1
0.7325	0.1
0.7335	0.1
0.7345	0.1
0.7355	0.1
0.7365	0.1
0.7375	0.1
0.7385	0.1
0.7395	0.1
0.7405	0.1
0.7415	0.1
0.7425	0.1
0.7435	0.1
0.7445	0.1
0.7455	0.1
0.7465	0.1
0.7475	0.1
0.7485	0.1
0.7495	0.1
0.7505	0.1
0.7515	0.1
0.7525	0.1
0.7535	0.1
0.7545	0.1
0.7555	0.1
0.7565	0.1
0.7575	0.1
0.7585	0.1
0.7595	0.1
0.7605	0.1
0.7615	0.1
0.7625	0.1
0.7635	0.1
0.7645	0.1
0.7655	0.1
0.7665	0.1
0.7675	0.1
0.7685	0.1
0.7695	0.1
0.7705	0.1
0.7715	0.1
0.7725	0.1
0.7735	0.1
0.7745	0.1
0.7755	0.1
0.7765	0.1
0.7775	0.1
0.7785	0.1
0.7795	0.1
0.7805	0.1
0.7815	0.1
0.7825	0.1
0.7835	0.1
0.7845	0.1
0.7855	0.1
0.7865	0.1
0.7875	0.1
0.7885	0.1
0.7895	0.1
0.7905	0.1
0.7915	0.1
0.7925	0.100015
0.7935	0.102074
0.7945	0.310645
0.7955	3.64674
0.7965	15.5633
0.7975	31.7394
0.7985	42.2622
0.7995	46.5645
0.8005	52.4655
0.8015	60.5209
0.8025	69.7327
0.8035	78.2916
0.8045	85.5525
0.8055	91.1298
0.8065	95.0075
0.8075	97.4357
0.8085	98.8006
0.8095	99.4888
0.8105	99.801
0.8115	99.9289
0.8125	99.9766
0.8135	99.9929
0.8145	99.998
0.8155	99.9995
0.8165	99.9999
0.8175	100
0.8185	100
0.8195	100
0.8205	100
0.8215	100
0.8225	100
0.8235	100
0.8245	100
0.8255	100
0.8265	100
0.8275	100
0.8285	100
0.8295	100
0.8305	100
0.8315	100
0.8325	100
0.8335	100
0.8345	100
0.8355	100
0.8365	100
0.8375	100
0.8385	100
0.8395	100
0.8405	100
0.8415	100
0.8425	100
0.8435	100
0.8445	100
0.8455	100
0.8465	100
0.8475	100
0.8485	100
0.8495	100
0.8505	100
0.8515	100
0.8525	100
0.8535	100
0.8545	100
0.8555	100
0.8565	100
0.8575	100
0.8585	100
0.8595	100
0.8605	100
0.8615	100
0.8625	100
0.8635	100
0.8645	100
0.8655	100
0.8665	100
0.8675	100
0.8685	100
0.8695	100
0.8705	100
0.8715	100
0.8725	100
0.8735	100
0.8745	100
0.8755	100
0.8765	100
0.8775	100
0.8785	100
0.8795	100
0.8805	100
0.8815	100
0.8825	100
0.8835	99.9999
0.8845	99.9995
0.8855	99.998
0.8865	99.9929
0.8875	99.9766
0.8885	99.9289
0.8895	99.801
0.8905	99.4888
0.8915	98.8006
0.8925	97.4357
0.8935	95.0075
0.8945	91.1298
0.8955	85.5525
0.8965	78.2916
0.8975	69.7327
0.8985	60.5209
0.8995	52.4655
0.9005	46.5645
0.9015	42.2622
0.9025	31.7394
0.9035	15.5633
0.9045	3.64674
0.9055	0.310645
0.9065	0.102074
0.9075	0.100015
0.9085	0.1
0.9095	0.1
0.9105	0.1
0.9115	0.1
0.9125	0.1
0.9135	0.1
0.9145	0.1
0.9155	0.1
0.9165	0.1
0.9175	0.1
0.9185	0.1
0.9195	0.1
0.9205	0.1
0.9215	0.1
0.9225	0.1
0.9235	0.1
0.9245	0.1
0.9255	0.1
0.9265	0.1
0.9275	0.1
0.9285	0.1
0.9295	0.1
0.9305	0.1
0.9315	0.1
0.9325	0.1
0.9335	0.1
0.9345	0.1
0.9355	0.1
0.9365	0.1
0.9375	0.1
0.9385	0.1
0.9395	0.1
0.9405	0.1
0.9415	0.1
0.9425	0.1
0.9435	0.1
0.9445	0.1
0.9455	0.1
0.9465	0.1
0.9475	0.1
0.9485	0.1
0.9495	0.1
0.9505	0.1
0.9515	0.1
0.9525	0.1
0.9535	0.1
0.9545	0.1
0.9555	0.1
0.9565	0.1
0.9575	0.1
0.9585	0.1
0.9595	0.1
0.9605	0.1
0.9615	0.1
0.9625	0.1
0.9635	0.1
0.9645	0.1
0.9655	0.1
0.9665	0.1
0.9675	0.1
0.9685	0.1
0.9695	0.1
0.9705	0.1
0.9715	0.1
0.9725	0.1
0.9735	0.1
0.9745	0.1
0.9755	0.1
0.9765	0.1
0.9775	0.1
0.9785	0.1
0.9795	0.1
0.9805	0.1
0.9815	0.1
0.9825	0.1
0.9835	0.1
0.9845	0.1
0.9855	0.1
0.9865	0.1
0.9875	0.1
0.9885	0.1
0.9895	0.1
0.9905	0.1
0.9915	0.1
0.9925	0.1
0.9935	0.1
0.9945	0.1
0.9955	0.1
0.9965	0.1
0.9975	0.1
0.9985	0.1
0.9995	0.1
 
