0.125	0
0.375	0
0.625	0
0.875	0
1.125	0
1.375	0
1.625	0
1.875	0
2.125	0
2.375	0
2.625	0
2.875	0
3.125	0
3.375	0
3.625	0
3.875	0
4.125	0
4.375	0
4.625	0
4.875	0
5.125	0
5.375	0
5.625	0
5.875	0
6.125	0
6.375	0
6.625	0
6.875	0
7.125	0
7.375	0
7.625	0
7.875	0
8.125	0
8.375	0
8.625	0
8.875	0
9.125	0
9.375	0
9.625	0
9.875	0
10.125	0
10.375	0
10.625	0
10.875	0
11.125	0
11.375	0
11.625	0
11.875	0
12.125	0
12.375	0
12.625	0
12.875	0
13.125	0
13.375	0
13.625	0
13.875	0
14.125	0
14.375	0
14.625	0
14.875	0
15.125	0
15.375	0
15.625	0
15.875	0
16.125	0
16.375	0
16.625	0
16.875	0
17.125	0
17.375	0
17.625	0
17.875	0
18.125	0
18.375	0
18.625	0
18.875	0
19.125	0
19.375	0
19.625	0
19.875	0
20.125	0
20.375	0
20.625	0
20.875	0
21.125	0
21.375	0
21.625	0
21.875	0
22.125	0
22.375	0
22.625	0
22.875	0
23.125	0
23.375	0
23.625	0
23.875	0
24.125	0
24.375	0
24.625	0
24.875	0
25.125	0
25.375	0
25.625	0
25.875	0
26.125	0
26.375	0
26.625	0
26.875	0
27.125	0
27.375	0
27.625	0
27.875	0
28.125	0
28.375	0
28.625	0
28.875	0
29.125	0
29.375	0
29.625	0
29.875	0
30.125	0
30.375	0
30.625	0
30.875	0
31.125	0
31.375	0
31.625	0
31.875	0
32.125	0
32.375	0
32.625	0
32.875	0
33.125	0
33.375	0
33.625	0
33.875	0
34.125	0
34.375	0
34.625	0
34.875	0
35.125	0
35.375	0
35.625	0
35.875	0
36.125	0
36.375	0
36.625	0
36.875	0
37.125	0
37.375	0
37.625	0
37.875	0
38.125	0
38.375	0
38.625	0
38.875	0
39.125	0
39.375	0
39.625	0
39.875	0
40.125	0
40.375	0
40.625	0
40.875	0
41.125	0
41.375	0
41.625	0
41.875	0
42.125	0
42.375	0
42.625	0
42.875	0
43.125	0
43.375	0
43.625	0
43.875	0
44.125	0
44.375	0
44.625	0
44.875	0
45.125	0
45.375	0
45.625	0
45.875	0
46.125	0
46.375	0
46.625	0
46.875	0
47.125	0
47.375	0
47.625	0
47.875	0
48.125	0
48.375	0
48.625	0
48.875	0
49.125	0
49.375	0
49.625	0
49.875	0
 
0.125	0
0.375	0
0.625	0
0.875	0
1.125	0
1.375	0
1.625	0
1.875	0
2.125	0
2.375	0
2.625	0
2.875	0
3.125	0
3.375	0
3.625	0
3.875	0
4.125	0
4.375	0
4.625	0
4.875	0
5.125	0
5.375	0
5.625	0
5.875	0
6.125	0
6.375	0
6.625	0
6.875	0
7.125	0
7.375	0
7.625	0
7.875	0
8.125	0
8.375	0
8.625	0
8.875	0
9.125	0
9.375	0
9.625	0
9.875	0
10.125	0
10.375	0
10.625	0
10.875	0
11.125	0
11.375	0
11.625	0
11.875	0
12.125	0
12.375	0
12.625	0
12.875	0
13.125	0
13.375	0
13.625	0
13.875	0
14.125	0
14.375	-1.4422
14.625	-8.26926
14.875	-14.8338
15.125	-15.151
15.375	-7.34463
15.625	-2.75044
15.875	-0.63907
16.125	-0.065035
16.375	0
16.625	0
16.875	0
17.125	0
17.375	0
17.625	0
17.875	0
18.125	0
18.375	0
18.625	0
18.875	0
19.125	0
19.375	0
19.625	0
19.875	0
20.125	0
20.375	0
20.625	0
20.875	0
21.125	0
21.375	0
21.625	0
21.875	0
22.125	0
22.375	0
22.625	0
22.875	0
23.125	0
23.375	0
23.625	0
23.875	0
24.125	0
24.375	0
24.625	0
24.875	0
25.125	0
25.375	0
25.625	0
25.875	0
26.125	0
26.375	0
26.625	0
26.875	0
27.125	0
27.375	0
27.625	0
27.875	0
28.125	0
28.375	0
28.625	0
28.875	0
29.125	0
29.375	0
29.625	0
29.875	0
30.125	0
30.375	0
30.625	0
30.875	0
31.125	0
31.375	0
31.625	0
31.875	0
32.125	0
32.375	0
32.625	0
32.875	0
33.125	0
33.375	0
33.625	0
33.875	0
34.125	0.0650481
34.375	0.639698
34.625	2.76601
34.875	7.38058
35.125	15.0716
35.375	14.8077
35.625	8.2335
35.875	1.43922
36.125	0
36.375	0
36.625	0
36.875	0
37.125	0
37.375	0
37.625	0
37.875	0
38.125	0
38.375	0
38.625	0
38.875	0
39.125	0
39.375	0
39.625	0
39.875	0
40.125	0
40.375	0
40.625	0
40.875	0
41.125	0
41.375	0
41.625	0
41.875	0
42.125	0
42.375	0
42.625	0
42.875	0
43.125	0
43.375	0
43.625	0
43.875	0
44.125	0
44.375	0
44.625	0
44.875	0
45.125	0
45.375	0
45.625	0
45.875	0
46.125	0
46.375	0
46.625	0
46.875	0
47.125	0
47.375	0
47.625	0
47.875	0
48.125	0
48.375	0
48.625	0
48.875	0
49.125	0
49.375	0
49.625	0
49.875	0
 
0.125	0
0.375	0
0.625	0
0.875	0
1.125	0
1.375	0
1.625	0
1.875	0
2.125	0
2.375	0
2.625	0
2.875	0
3.125	0
3.375	0
3.625	0
3.875	0
4.125	0
4.375	0
4.625	0
4.875	0
5.125	0
5.375	0
5.625	0
5.875	0
6.125	0
6.375	0
6.625	0
6.875	0
7.125	0
7.375	0
7.625	0
7.875	0
8.125	0
8.375	0
8.625	0
8.875	0
9.125	0
9.375	0
9.625	0
9.875	0
10.125	0
10.375	0
10.625	0
10.875	0
11.125	0
11.375	0
11.625	0
11.875	0
12.125	0
12.375	0
12.625	0
12.875	0
13.125	0
13.375	-0.0213053
13.625	-0.3497
13.875	-2.40116
14.125	-7.7242
14.375	-13.2107
14.625	-15.8364
14.875	-16.4295
15.125	-15.408
15.375	-10.3222
15.625	-5.98353
15.875	-2.91886
16.125	-1.14218
16.375	-0.328245
16.625	-0.0628962
16.875	-0.0070508
17.125	-0.000348229
17.375	0
17.625	0
17.875	0
18.125	0
18.375	0
18.625	0
18.875	0
19.125	0
19.375	0
19.625	0
19.875	0
20.125	0
20.375	0
20.625	0
20.875	0
21.125	0
21.375	0
21.625	0
21.875	0
22.125	0
22.375	0
22.625	0
22.875	0
23.125	0
23.375	0
23.625	0
23.875	0
24.125	0
24.375	0
24.625	0
24.875	0
25.125	0
25.375	0
25.625	0
25.875	0
26.125	0
26.375	0
26.625	0
26.875	0
27.125	0
27.375	0
27.625	0
27.875	0
28.125	0
28.375	0
28.625	0
28.875	0
29.125	0
29.375	0
29.625	0
29.875	0
30.125	0
30.375	0
30.625	0
30.875	0
31.125	0
31.375	0
31.625	0
31.875	0
32.125	0
32.375	0
32.625	0
32.875	0
33.125	0.000348274
33.375	0.00705164
33.625	0.0629061
33.875	0.328358
34.125	1.14331
34.375	2.92677
34.625	6.02255
34.875	10.3825
35.125	15.3293
35.375	16.3789
35.625	15.7591
35.875	13.1375
36.125	7.68668
36.375	2.396
36.625	0.349803
36.875	0.021325
37.125	0
37.375	0
37.625	0
37.875	0
38.125	0
38.375	0
38.625	0
38.875	0
39.125	0
39.375	0
39.625	0
39.875	0
40.125	0
40.375	0
40.625	0
40.875	0
41.125	0
41.375	0
41.625	0
41.875	0
42.125	0
42.375	0
42.625	0
42.875	0
43.125	0
43.375	0
43.625	0
43.875	0
44.125	0
44.375	0
44.625	0
44.875	0
45.125	0
45.375	0
45.625	0
45.875	0
46.125	0
46.375	0
46.625	0
46.875	0
47.125	0
47.375	0
47.625	0
47.875	0
48.125	0
48.375	0
48.625	0
48.875	0
49.125	0
49.375	0
49.625	0
49.875	0
 
0.125	0
0.375	0
0.625	0
0.875	0
1.125	0
1.375	0
1.625	0
1.875	0
2.125	0
2.375	0
2.625	0
2.875	0
3.125	0
3.375	0
3.625	0
3.875	0
4.125	0
4.375	0
4.625	0
4.875	0
5.125	0
5.375	0
5.625	0
5.875	0
6.125	0
6.375	0
6.625	0
6.875	0
7.125	0
7.375	0
7.625	0
7.875	0
8.125	0
8.375	0
8.625	0
8.875	0
9.125	0
9.375	0
9.625	0
9.875	0
10.125	0
10.375	0
10.625	0
10.875	0
11.125	0
11.375	0
11.625	0
11.875	0
12.125	0
12.375	-0.000262534
12.625	-0.00648649
12.875	-0.0753327
13.125	-0.539227
13.375	-2.48918
13.625	-6.93734
13.875	-11.9327
14.125	-14.9797
14.375	-16.1584
14.625	-16.4869
14.875	-16.499
15.125	-15.7423
15.375	-12.1222
15.625	-8.33214
15.875	-5.20593
16.125	-2.90525
16.375	-1.39118
16.625	-0.547759
16.875	-0.169584
17.125	-0.0395571
17.375	-0.00665157
17.625	-0.000759077
17.875	-5.2628e-05
18.125	-1.67446e-06
18.375	0
18.625	0
18.875	0
19.125	0
19.375	0
19.625	0
19.875	0
20.125	0
20.375	0
20.625	0
20.875	0
21.125	0
21.375	0
21.625	0
21.875	0
22.125	0
22.375	0
22.625	0
22.875	0
23.125	0
23.375	0
23.625	0
23.875	0
24.125	0
24.375	0
24.625	0
24.875	0
25.125	0
25.375	0
25.625	0
25.875	0
26.125	0
26.375	0
26.625	0
26.875	0
27.125	0
27.375	0
27.625	0
27.875	0
28.125	0
28.375	0
28.625	0
28.875	0
29.125	0
29.375	0
29.625	0
29.875	0
30.125	0
30.375	0
30.625	0
30.875	0
31.125	0
31.375	0
31.625	0
31.875	0
32.125	1.67468e-06
32.375	5.26344e-05
32.625	0.000759175
32.875	0.00665264
33.125	0.0395659
33.375	0.169642
33.625	0.548084
33.875	1.39273
34.125	2.91143
34.375	5.22546
34.625	8.37904
34.875	12.1618
35.125	15.6803
35.375	16.4786
35.625	16.4464
35.875	16.095
36.125	14.9027
36.375	11.8634
36.625	6.89982
36.875	2.48097
37.125	0.53867
37.375	0.0753446
37.625	0.00649111
37.875	0.00026278
38.125	0
38.375	0
38.625	0
38.875	0
39.125	0
39.375	0
39.625	0
39.875	0
40.125	0
40.375	0
40.625	0
40.875	0
41.125	0
41.375	0
41.625	0
41.875	0
42.125	0
42.375	0
42.625	0
42.875	0
43.125	0
43.375	0
43.625	0
43.875	0
44.125	0
44.375	0
44.625	0
44.875	0
45.125	0
45.375	0
45.625	0
45.875	0
46.125	0
46.375	0
46.625	0
46.875	0
47.125	0
47.375	0
47.625	0
47.875	0
48.125	0
48.375	0
48.625	0
48.875	0
49.125	0
49.375	0
49.625	0
49.875	0
 
0.125	0
0.375	0
0.625	0
0.875	0
1.125	0
1.375	0
1.625	0
1.875	0
2.125	0
2.375	0
2.625	0
2.875	0
3.125	0
3.375	0
3.625	0
3.875	0
4.125	0
4.375	0
4.625	0
4.875	0
5.125	0
5.375	0
5.625	0
5.875	0
6.125	0
6.375	0
6.625	0
6.875	0
7.125	0
7.375	0
7.625	0
7.875	0
8.125	0
8.375	0
8.625	0
8.875	0
9.125	0
9.375	0
9.625	0
9.875	0
10.125	0
10.375	0
10.625	0
10.875	0
11.125	0
11.375	-2.98868e-06
11.625	-9.85096e-05
11.875	-0.00154629
12.125	-0.0154131
12.375	-0.109538
12.625	-0.582889
12.875	-2.28152
13.125	-6.06874
13.375	-10.7447
13.625	-14.1104
13.875	-15.7341
14.125	-16.3234
14.375	-16.5106
14.625	-16.5857
14.875	-16.5761
15.125	-16.0201
15.375	-13.2895
15.625	-10.0488
15.875	-7.12608
16.125	-4.70735
16.375	-2.83675
16.625	-1.52183
16.875	-0.706462
17.125	-0.27577
17.375	-0.088217
17.625	-0.0226281
17.875	-0.00456055
18.125	-0.000704932
18.375	-8.06397e-05
18.625	-6.43291e-06
18.875	-3.19581e-07
19.125	-7.44603e-09
19.375	0
19.625	0
19.875	0
20.125	0
20.375	0
20.625	0
20.875	0
21.125	0
21.375	0
21.625	0
21.875	0
22.125	0
22.375	0
22.625	0
22.875	0
23.125	0
23.375	0
23.625	0
23.875	0
24.125	0
24.375	0
24.625	0
24.875	0
25.125	0
25.375	0
25.625	0
25.875	0
26.125	0
26.375	0
26.625	0
26.875	0
27.125	0
27.375	0
27.625	0
27.875	0
28.125	0
28.375	0
28.625	0
28.875	0
29.125	0
29.375	0
29.625	0
29.875	0
30.125	0
30.375	0
30.625	0
30.875	0
31.125	7.44699e-09
31.375	3.19621e-07
31.625	6.43372e-06
31.875	8.0651e-05
32.125	0.00070505
32.375	0.00456151
32.625	0.0226343
32.875	0.0882498
33.125	0.275913
33.375	0.707004
33.625	1.52364
33.875	2.84205
34.125	4.72067
34.375	7.15373
34.625	10.0909
34.875	13.3018
35.125	15.9618
35.375	16.57
35.625	16.5749
35.875	16.4866
36.125	16.282
36.375	15.6728
36.625	14.0366
36.875	10.6789
37.125	6.03241
37.375	2.27157
37.625	0.581488
37.875	0.109423
38.125	0.0154107
38.375	0.00154694
38.625	9.85853e-05
38.875	2.99148e-06
39.125	0
39.375	0
39.625	0
39.875	0
40.125	0
40.375	0
40.625	0
40.875	0
41.125	0
41.375	0
41.625	0
41.875	0
42.125	0
42.375	0
42.625	0
42.875	0
43.125	0
43.375	0
43.625	0
43.875	0
44.125	0
44.375	0
44.625	0
44.875	0
45.125	0
45.375	0
45.625	0
45.875	0
46.125	0
46.375	0
46.625	0
46.875	0
47.125	0
47.375	0
47.625	0
47.875	0
48.125	0
48.375	0
48.625	0
48.875	0
49.125	0
49.375	0
49.625	0
49.875	0
 
0.125	0
0.375	0
0.625	0
0.875	0
1.125	0
1.375	0
1.625	0
1.875	0
2.125	0
2.375	0
2.625	0
2.875	0
3.125	0
3.375	0
3.625	0
3.875	0
4.125	0
4.375	0
4.625	0
4.875	0
5.125	0
5.375	0
5.625	0
5.875	0
6.125	0
6.375	0
6.625	0
6.875	0
7.125	0
7.375	0
7.625	0
7.875	0
8.125	0
8.375	0
8.625	0
8.875	0
9.125	0
9.375	0
9.625	0
9.875	0
10.125	0
10.375	-3.22552e-08
10.625	-1.33444e-06
10.875	-2.64866e-05
11.125	-0.000336245
11.375	-0.00307235
11.625	-0.0215622
11.875	-0.120871
12.125	-0.549489
12.375	-1.9737
12.625	-5.19495
12.875	-9.57377
13.125	-13.1876
13.375	-15.2252
13.625	-16.1066
13.875	-16.4292
14.125	-16.5479
14.375	-16.608
14.625	-16.6518
14.875	-16.64
15.125	-16.2108
15.375	-14.0955
15.625	-11.3418
15.875	-8.68603
16.125	-6.32697
16.375	-4.33539
16.625	-2.75368
16.875	-1.59145
17.125	-0.819725
17.375	-0.368521
17.625	-0.141918
17.875	-0.0461136
18.125	-0.0124935
18.375	-0.0027923
18.625	-0.000508575
18.875	-7.42402e-05
19.125	-8.47728e-06
19.375	-7.29482e-07
19.625	-4.44912e-08
19.875	-1.7145e-09
20.125	-3.13918e-11
20.375	0
20.625	0
20.875	0
21.125	0
21.375	0
21.625	0
21.875	0
22.125	0
22.375	0
22.625	0
22.875	0
23.125	0
23.375	0
23.625	0
23.875	0
24.125	0
24.375	0
24.625	0
24.875	0
25.125	0
25.375	0
25.625	0
25.875	0
26.125	0
26.375	0
26.625	0
26.875	0
27.125	0
27.375	0
27.625	0
27.875	0
28.125	0
28.375	0
28.625	0
28.875	0
29.125	0
29.375	0
29.625	0
29.875	0
30.125	3.13953e-11
30.375	1.71471e-09
30.625	4.44968e-08
30.875	7.29578e-07
31.125	8.47852e-06
31.375	7.42528e-05
31.625	0.000508679
31.875	0.00279301
32.125	0.0124974
32.375	0.0461319
32.625	0.141989
32.875	0.368761
33.125	0.820444
33.375	1.59339
33.625	2.7584
33.875	4.3456
34.125	6.34623
34.375	8.71599
34.625	11.3725
34.875	14.0852
35.125	16.1541
35.375	16.6372
35.625	16.6523
35.875	16.6046
36.125	16.5366
36.375	16.405
36.625	16.0645
36.875	15.1636
37.125	13.1157
37.375	9.51169
37.625	5.16101
37.875	1.96333
38.125	0.547513
38.375	0.1206
38.625	0.0215365
38.875	0.00307111
39.125	0.000336302
39.375	2.65014e-05
39.625	1.33551e-06
39.875	3.22854e-08
40.125	0
40.375	0
40.625	0
40.875	0
41.125	0
41.375	0
41.625	0
41.875	0
42.125	0
42.375	0
42.625	0
42.875	0
43.125	0
43.375	0
43.625	0
43.875	0
44.125	0
44.375	0
44.625	0
44.875	0
45.125	0
45.375	0
45.625	0
45.875	0
46.125	0
46.375	0
46.625	0
46.875	0
47.125	0
47.375	0
47.625	0
47.875	0
48.125	0
48.375	0
48.625	0
48.875	0
49.125	0
49.375	0
49.625	0
49.875	0
 
0.125	0
0.375	0
0.625	0
0.875	0
1.125	0
1.375	0
1.625	0
1.875	0
2.125	0
2.375	0
2.625	0
2.875	0
3.125	0
3.375	0
3.625	0
3.875	0
4.125	0
4.375	0
4.625	0
4.875	0
5.125	0
5.375	0
5.625	0
5.875	0
6.125	0
6.375	0
6.625	0
6.875	0
7.125	0
7.375	0
7.625	0
7.875	0
8.125	0
8.375	0
8.625	0
8.875	0
9.125	0
9.375	-3.35993e-10
9.625	-1.67634e-08
9.875	-4.03493e-07
10.125	-6.24496e-06
10.375	-6.99099e-05
10.625	-0.000603927
10.875	-0.00419629
11.125	-0.0241388
11.375	-0.117214
11.625	-0.483132
11.875	-1.64978
12.125	-4.36352
12.375	-8.41622
12.625	-12.2013
12.875	-14.6251
13.125	-15.8189
13.375	-16.3137
13.625	-16.5042
13.875	-16.5855
14.125	-16.6318
14.375	-16.6666
14.625	-16.6938
14.875	-16.6775
15.125	-16.3395
15.375	-14.6802
15.625	-12.3412
15.875	-9.95267
16.125	-7.72443
16.375	-5.73826
16.625	-4.04329
16.875	-2.66946
17.125	-1.62745
17.375	-0.901522
17.625	-0.446427
17.875	-0.194718
18.125	-0.0739177
18.375	-0.0242055
18.625	-0.00679174
18.875	-0.00162294
19.125	-0.000327967
19.375	-5.55333e-05
19.625	-7.77948e-06
19.875	-8.85692e-07
20.125	-7.98775e-08
20.375	-5.49113e-09
20.625	-2.70331e-10
20.875	-8.48832e-12
21.125	-1.27898e-13
21.375	0
21.625	0
21.875	0
22.125	0
22.375	0
22.625	0
22.875	0
23.125	0
23.375	0
23.625	0
23.875	0
24.125	0
24.375	0
24.625	0
24.875	0
25.125	0
25.375	0
25.625	0
25.875	0
26.125	0
26.375	0
26.625	0
26.875	0
27.125	0
27.375	0
27.625	0
27.875	0
28.125	0
28.375	0
28.625	0
28.875	0
29.125	1.27898e-13
29.375	8.48921e-12
29.625	2.70365e-10
29.875	5.49184e-09
30.125	7.98885e-08
30.375	8.85826e-07
30.625	7.78082e-06
30.875	5.55444e-05
31.125	0.000328045
31.375	0.0016234
31.625	0.00679406
31.875	0.0242154
32.125	0.0739544
32.375	0.194836
32.625	0.44676
32.875	0.902371
33.125	1.62943
33.375	2.67372
33.625	4.05162
33.875	5.75288
34.125	7.74682
34.375	9.98006
34.625	12.3583
34.875	14.6539
35.125	16.286
35.375	16.6745
35.625	16.6969
35.875	16.6702
36.125	16.6337
36.375	16.5824
36.625	16.4921
36.875	16.2878
37.125	15.7746
37.375	14.5625
37.625	12.1311
37.875	8.35821
38.125	4.33274
38.375	1.63984
38.625	0.480907
38.875	0.116827
39.125	0.0240858
39.375	0.00419084
39.625	0.000603572
39.875	6.99067e-05
40.125	6.24718e-06
40.375	4.0375e-07
40.625	1.67772e-08
40.875	3.36308e-10
41.125	0
41.375	0
41.625	0
41.875	0
42.125	0
42.375	0
42.625	0
42.875	0
43.125	0
43.375	0
43.625	0
43.875	0
44.125	0
44.375	0
44.625	0
44.875	0
45.125	0
45.375	0
45.625	0
45.875	0
46.125	0
46.375	0
46.625	0
46.875	0
47.125	0
47.375	0
47.625	0
47.875	0
48.125	0
48.375	0
48.625	0
48.875	0
49.125	0
49.375	0
49.625	0
49.875	0
 
0.125	0
0.375	0
0.625	0
0.875	0
1.125	0
1.375	0
1.625	0
1.875	0
2.125	0
2.375	0
2.625	0
2.875	0
3.125	0
3.375	0
3.625	0
3.875	0
4.125	0
4.375	0
4.625	0
4.875	0
5.125	0
5.375	0
5.625	0
5.875	0
6.125	0
6.375	0
6.625	0
6.875	0
7.125	0
7.375	0
7.625	0
7.875	0
8.125	0
8.375	-3.41505e-12
8.625	-1.99671e-10
8.875	-5.65872e-09
9.125	-1.03559e-07
9.375	-1.37641e-06
9.625	-1.41698e-05
9.875	-0.000117713
10.125	-0.00081201
10.375	-0.00475205
10.625	-0.0239887
10.875	-0.105696
11.125	-0.407439
11.375	-1.34669
11.625	-3.60193
11.875	-7.28616
12.125	-11.1541
12.375	-13.9313
12.625	-15.4533
12.875	-16.1511
13.125	-16.4398
13.375	-16.5597
13.625	-16.6179
13.875	-16.6539
14.125	-16.6801
14.375	-16.7004
14.625	-16.715
14.875	-16.697
15.125	-16.4299
15.375	-15.1186
15.625	-13.1287
15.875	-10.9888
16.125	-8.91554
16.375	-6.99699
16.625	-5.28225
16.875	-3.80492
17.125	-2.58863
17.375	-1.64365
17.625	-0.961323
17.875	-0.511082
18.125	-0.24399
18.375	-0.10355
18.625	-0.0387789
18.875	-0.0127479
19.125	-0.00366415
19.375	-0.000917459
19.625	-0.000199241
19.875	-3.73139e-05
20.125	-5.98088e-06
20.375	-8.12184e-07
20.625	-9.21737e-08
20.875	-8.58035e-09
21.125	-6.38098e-10
21.375	-3.64553e-11
21.625	-1.50191e-12
21.875	-3.9968e-14
22.125	-8.88178e-16
22.375	0
22.625	0
22.875	0
23.125	0
23.375	0
23.625	0
23.875	0
24.125	0
24.375	0
24.625	0
24.875	0
25.125	0
25.375	0
25.625	0
25.875	0
26.125	0
26.375	0
26.625	0
26.875	0
27.125	0
27.375	0
27.625	0
27.875	0
28.125	8.88178e-16
28.375	3.9968e-14
28.625	1.50191e-12
28.875	3.64588e-11
29.125	6.38183e-10
29.375	8.58157e-09
29.625	9.2188e-08
29.875	8.12325e-07
30.125	5.98206e-06
30.375	3.73224e-05
30.625	0.000199293
30.875	0.000917742
31.125	0.00366547
31.375	0.0127533
31.625	0.0387981
31.875	0.10361
32.125	0.244156
32.375	0.511495
32.625	0.962263
32.875	1.64563
33.125	2.59252
33.375	3.81197
33.625	5.29397
33.875	7.01453
34.125	8.93815
34.375	11.0105
34.625	13.1326
34.875	15.0818
35.125	16.3812
35.375	16.6934
35.625	16.7178
35.875	16.7053
36.125	16.6859
36.375	16.6589
36.625	16.6198
36.875	16.5556
37.125	16.4259
37.375	16.1225
37.625	15.4061
37.875	13.8674
38.125	11.0858
38.375	7.23272
38.625	3.57472
38.875	1.33766
39.125	0.405213
39.375	0.105248
39.625	0.0239138
39.875	0.00474175
40.125	0.000810893
40.375	0.000117627
40.625	1.41667e-05
40.875	1.37665e-06
41.125	1.03608e-07
41.375	5.66263e-09
41.625	1.99837e-10
41.875	3.41682e-12
42.125	0
42.375	0
42.625	0
42.875	0
43.125	0
43.375	0
43.625	0
43.875	0
44.125	0
44.375	0
44.625	0
44.875	0
45.125	0
45.375	0
45.625	0
45.875	0
46.125	0
46.375	0
46.625	0
46.875	0
47.125	0
47.375	0
47.625	0
47.875	0
48.125	0
48.375	0
48.625	0
48.875	0
49.125	0
49.375	0
49.625	0
49.875	0
 
0.125	0
0.375	0
0.625	0
0.875	0
1.125	0
1.375	0
1.625	0
1.875	0
2.125	0
2.375	0
2.625	0
2.875	0
3.125	0
3.375	0
3.625	0
3.875	0
4.125	0
4.375	0
4.625	0
4.875	0
5.125	0
5.375	0
5.625	0
5.875	0
6.125	0
6.375	0
6.625	0
6.875	0
7.125	-1.06581e-14
7.375	-7.45182e-13
7.625	-2.50893e-11
7.875	-5.48728e-10
8.125	-8.75191e-09
8.375	-1.08553e-07
8.625	-1.09051e-06
8.875	-9.12645e-06
9.125	-6.49677e-05
9.375	-0.000399822
9.625	-0.00215555
9.875	-0.0102945
10.125	-0.0439486
10.375	-0.168596
10.625	-0.578322
10.875	-1.72359
11.125	-4.19542
11.375	-7.86899
11.625	-11.4975
11.875	-14.0496
12.125	-15.4659
12.375	-16.14
12.625	-16.4339
12.875	-16.5609
13.125	-16.6219
13.375	-16.6572
13.625	-16.6812
13.875	-16.6984
14.125	-16.7107
14.375	-16.7195
14.625	-16.7252
14.875	-16.7092
15.125	-16.5105
15.375	-15.5254
15.625	-13.8957
15.875	-12.0345
16.125	-10.1586
16.375	-8.36187
16.625	-6.69279
16.875	-5.18348
17.125	-3.85938
17.375	-2.74042
17.625	-1.83849
17.875	-1.15334
18.125	-0.669352
18.375	-0.355718
18.625	-0.171577
18.875	-0.0745952
19.125	-0.0290908
19.375	-0.0101435
19.625	-0.00315513
19.875	-0.000873659
20.125	-0.000214853
20.375	-4.67849e-05
20.625	-8.98518e-06
20.875	-1.51423e-06
21.125	-2.22458e-07
21.375	-2.82509e-08
21.625	-3.06762e-09
21.875	-2.80751e-10
22.125	-2.12443e-11
22.375	-1.29408e-12
22.625	-6.21725e-14
22.875	-1.77636e-15
23.125	0
23.375	0
23.625	0
23.875	0
24.125	0
24.375	0
24.625	0
24.875	0
25.125	0
25.375	0
25.625	0
25.875	0
26.125	0
26.375	0
26.625	0
26.875	0
27.125	0
27.375	1.77636e-15
27.625	6.21725e-14
27.875	1.29408e-12
28.125	2.12461e-11
28.375	2.80791e-10
28.625	3.06809e-09
28.875	2.82557e-08
29.125	2.225e-07
29.375	1.51455e-06
29.625	8.98733e-06
29.875	4.67976e-05
30.125	0.000214919
30.375	0.000873969
30.625	0.00315641
30.875	0.0101482
31.125	0.0291061
31.375	0.0746398
31.625	0.171693
31.875	0.355993
32.125	0.669948
32.375	1.15454
32.625	1.84076
32.875	2.74445
33.125	3.86607
33.375	5.19383
33.625	6.70751
33.875	8.38057
34.125	10.1782
34.375	12.0469
34.625	13.8853
34.875	15.4819
35.125	16.4687
35.375	16.7053
35.625	16.7271
35.875	16.7237
36.125	16.7166
36.375	16.7053
36.625	16.6882
36.875	16.6631
37.125	16.6249
37.375	16.5588
37.625	16.423
37.875	16.1158
38.125	15.4241
38.375	13.9903
38.625	11.4301
38.875	7.81085
39.125	4.16111
39.375	1.71001
39.625	0.574317
39.875	0.16762
40.125	0.0437436
40.375	0.010257
40.625	0.00214966
40.875	0.000399041
41.125	6.48836e-05
41.375	9.11963e-06
41.625	1.09019e-06
41.875	1.0856e-07
42.125	8.75497e-09
42.375	5.49038e-10
42.625	2.5107e-11
42.875	7.45182e-13
43.125	1.06581e-14
43.375	0
43.625	0
43.875	0
44.125	0
44.375	0
44.625	0
44.875	0
45.125	0
45.375	0
45.625	0
45.875	0
46.125	0
46.375	0
46.625	0
46.875	0
47.125	0
47.375	0
47.625	0
47.875	0
48.125	0
48.375	0
48.625	0
48.875	0
49.125	0
49.375	0
49.625	0
49.875	0
 
0.125	0
0.375	0
0.625	0
0.875	0
1.125	0
1.375	0
1.625	0
1.875	0
2.125	0
2.375	0
2.625	0
2.875	0
3.125	0
3.375	0
3.625	0
3.875	0
4.125	0
4.375	0
4.625	0
4.875	0
5.125	0
5.375	0
5.625	0
5.875	0
6.125	0
6.375	-7.99361e-15
6.625	-3.13527e-13
6.875	-7.73426e-12
7.125	-1.39972e-10
7.375	-1.97515e-09
7.625	-2.26323e-08
7.875	-2.16569e-07
8.125	-1.7666e-06
8.375	-1.2481e-05
8.625	-7.73501e-05
8.875	-0.000425007
9.125	-0.00208953
9.375	-0.00926717
9.625	-0.0373327
9.875	-0.137183
10.125	-0.458257
10.375	-1.36115
10.625	-3.40936
10.875	-6.75457
11.125	-10.4478
11.375	-13.3196
11.625	-15.0511
11.875	-15.9349
12.125	-16.3421
12.375	-16.5221
12.625	-16.6046
12.875	-16.6479
13.125	-16.6747
13.375	-16.6932
13.625	-16.7064
13.875	-16.7155
14.125	-16.7214
14.375	-16.7254
14.625	-16.728
14.875	-16.7148
15.125	-16.558
15.375	-15.7703
15.625	-14.3794
15.875	-12.7162
16.125	-10.9912
16.375	-9.30203
16.625	-7.69738
16.875	-6.20787
17.125	-4.85725
17.375	-3.66575
17.625	-2.64985
17.875	-1.81997
18.125	-1.17716
18.375	-0.71046
18.625	-0.396573
18.875	-0.203138
19.125	-0.0948945
19.375	-0.0402469
19.625	-0.0154526
19.875	-0.00536079
20.125	-0.0016781
20.375	-0.000473341
20.625	-0.000120112
20.875	-2.73606e-05
21.125	-5.57945e-06
21.375	-1.01495e-06
21.625	-1.63966e-07
21.875	-2.33929e-08
22.125	-2.92678e-09
22.375	-3.18297e-10
22.625	-2.97531e-11
22.875	-2.35723e-12
23.125	-1.55431e-13
23.375	-8.88178e-15
23.625	0
23.875	0
24.125	0
24.375	0
24.625	0
24.875	0
25.125	0
25.375	0
25.625	0
25.875	0
26.125	0
26.375	0
26.625	0
26.875	8.88178e-15
27.125	1.55431e-13
27.375	2.35723e-12
27.625	2.97566e-11
27.875	3.18348e-10
28.125	2.92728e-09
28.375	2.33973e-08
28.625	1.64e-07
28.875	1.01519e-06
29.125	5.5809e-06
29.375	2.73686e-05
29.625	0.000120151
29.875	0.000473515
30.125	0.00167879
30.375	0.00536329
30.625	0.0154606
30.875	0.0402703
31.125	0.0949559
31.375	0.203285
31.625	0.396893
31.875	0.711107
32.125	1.17839
32.375	1.82216
32.625	2.65354
32.875	3.67163
33.125	4.86607
33.375	6.22021
33.625	7.7132
33.875	9.31987
34.125	11.0069
34.375	12.7207
34.625	14.3599
34.875	15.7249
35.125	16.5218
35.375	16.711
35.625	16.7292
35.875	16.7287
36.125	16.7265
36.375	16.7218
36.625	16.7135
36.875	16.7006
37.125	16.6817
37.375	16.6533
37.625	16.6068
37.875	16.5183
38.125	16.3288
38.375	15.9072
38.625	15.0056
38.875	13.2583
39.125	10.3817
39.375	6.70134
39.625	3.37995
39.875	1.34978
40.125	0.454823
40.375	0.1363
40.625	0.0371326
40.875	0.00922682
41.125	0.00208233
41.375	0.000423883
41.625	7.71994e-05
41.875	1.24641e-05
42.125	1.76511e-06
42.375	2.16477e-07
42.625	2.26307e-08
42.875	1.97557e-09
43.125	1.40035e-10
43.375	7.73781e-12
43.625	3.13527e-13
43.875	7.99361e-15
44.125	0
44.375	0
44.625	0
44.875	0
45.125	0
45.375	0
45.625	0
45.875	0
46.125	0
46.375	0
46.625	0
46.875	0
47.125	0
47.375	0
47.625	0
47.875	0
48.125	0
48.375	0
48.625	0
48.875	0
49.125	0
49.375	0
49.625	0
49.875	0
 
