0.125	1000
0.375	1000
0.625	1000
0.875	1000
1.125	1000
1.375	1000
1.625	1000
1.875	1000
2.125	1000
2.375	1000
2.625	1000
2.875	1000
3.125	1000
3.375	1000
3.625	1000
3.875	1000
4.125	1000
4.375	1000
4.625	1000
4.875	1000
5.125	1000
5.375	1000
5.625	1000
5.875	1000
6.125	1000
6.375	1000
6.625	1000
6.875	1000
7.125	1000
7.375	1000
7.625	1000
7.875	1000
8.125	1000
8.375	1000
8.625	1000
8.875	1000
9.125	1000
9.375	1000
9.625	1000
9.875	1000
10.125	1000
10.375	1000
10.625	1000
10.875	1000
11.125	1000
11.375	1000
11.625	1000
11.875	1000
12.125	1000
12.375	1000
12.625	1000
12.875	1000
13.125	1000
13.375	1000
13.625	1000
13.875	1000
14.125	1000
14.375	1000
14.625	1000
14.875	1000
15.125	1000
15.375	1000
15.625	1000
15.875	1000
16.125	1000
16.375	1000
16.625	1000
16.875	1000
17.125	1000
17.375	1000
17.625	1000
17.875	1000
18.125	1000
18.375	1000
18.625	1000
18.875	1000
19.125	1000
19.375	1000
19.625	1000
19.875	1000
20.125	1000
20.375	1000
20.625	1000
20.875	1000
21.125	1000
21.375	1000
21.625	1000
21.875	1000
22.125	1000
22.375	1000
22.625	1000
22.875	1000
23.125	1000
23.375	1000
23.625	1000
23.875	1000
24.125	1000
24.375	1000
24.625	1000
24.875	1000
25.125	1000
25.375	1000
25.625	1000
25.875	1000
26.125	1000
26.375	1000
26.625	1000
26.875	1000
27.125	1000
27.375	1000
27.625	1000
27.875	1000
28.125	1000
28.375	1000
28.625	1000
28.875	1000
29.125	1000
29.375	1000
29.625	1000
29.875	1000
30.125	1000
30.375	1000
30.625	1000
30.875	1000
31.125	1000
31.375	1000
31.625	1000
31.875	1000
32.125	1000
32.375	1000
32.625	1000
32.875	1000
33.125	1000
33.375	1000
33.625	1000
33.875	1000
34.125	1000
34.375	1000
34.625	1000
34.875	1000
35.125	1000
35.375	1000
35.625	1000
35.875	1000
36.125	1000
36.375	1000
36.625	1000
36.875	1000
37.125	1000
37.375	1000
37.625	1000
37.875	1000
38.125	1000
38.375	1000
38.625	1000
38.875	1000
39.125	1000
39.375	1000
39.625	1000
39.875	1000
40.125	1000
40.375	1000
40.625	1000
40.875	1000
41.125	1000
41.375	1000
41.625	1000
41.875	1000
42.125	1000
42.375	1000
42.625	1000
42.875	1000
43.125	1000
43.375	1000
43.625	1000
43.875	1000
44.125	1000
44.375	1000
44.625	1000
44.875	1000
45.125	1000
45.375	1000
45.625	1000
45.875	1000
46.125	1000
46.375	1000
46.625	1000
46.875	1000
47.125	1000
47.375	1000
47.625	1000
47.875	1000
48.125	1000
48.375	1000
48.625	1000
48.875	1000
49.125	1000
49.375	1000
49.625	1000
49.875	1000
 
0.125	999.368
0.375	999.411
0.625	999.46
0.875	999.517
1.125	999.579
1.375	999.646
1.625	999.716
1.875	999.789
2.125	999.862
2.375	999.936
2.625	1000.01
2.875	1000.08
3.125	1000.15
3.375	1000.21
3.625	1000.27
3.875	1000.33
4.125	1000.37
4.375	1000.42
4.625	1000.45
4.875	1000.48
5.125	1000.5
5.375	1000.51
5.625	1000.53
5.875	1000.53
6.125	1000.54
6.375	1000.55
6.625	1000.57
6.875	1000.6
7.125	1000.65
7.375	1000.73
7.625	1000.84
7.875	1000.98
8.125	1001.15
8.375	1001.35
8.625	1001.56
8.875	1001.76
9.125	1001.92
9.375	1002.02
9.625	1002.03
9.875	1001.92
10.125	1001.69
10.375	1001.34
10.625	1000.89
10.875	1000.36
11.125	999.799
11.375	999.253
11.625	998.77
11.875	998.387
12.125	998.131
12.375	998.01
12.625	998.016
12.875	998.129
13.125	998.317
13.375	998.55
13.625	998.796
13.875	999.031
14.125	999.239
14.375	999.41
14.625	999.54
14.875	999.632
15.125	999.69
15.375	999.721
15.625	999.731
15.875	999.726
16.125	999.711
16.375	999.691
16.625	999.667
16.875	999.644
17.125	999.623
17.375	999.604
17.625	999.59
17.875	999.582
18.125	999.579
18.375	999.584
18.625	999.595
18.875	999.613
19.125	999.639
19.375	999.672
19.625	999.712
19.875	999.759
20.125	999.811
20.375	999.869
20.625	999.931
20.875	999.996
21.125	1000.06
21.375	1000.13
21.625	1000.2
21.875	1000.27
22.125	1000.34
22.375	1000.4
22.625	1000.45
22.875	1000.5
23.125	1000.55
23.375	1000.58
23.625	1000.61
23.875	1000.63
24.125	1000.63
24.375	1000.63
24.625	1000.62
24.875	1000.59
25.125	1000.56
25.375	1000.53
25.625	1000.49
25.875	1000.44
26.125	1000.39
26.375	1000.34
26.625	1000.29
26.875	1000.25
27.125	1000.21
27.375	1000.17
27.625	1000.13
27.875	1000.1
28.125	1000.08
28.375	1000.06
28.625	1000.04
28.875	1000.03
29.125	1000.02
29.375	1000.02
29.625	1000.01
29.875	1000.01
30.125	1000
30.375	1000
30.625	1000
30.875	1000
31.125	1000
31.375	1000
31.625	1000
31.875	1000
32.125	1000
32.375	1000
32.625	1000
32.875	1000
33.125	1000
33.375	1000
33.625	1000
33.875	1000
34.125	1000
34.375	1000
34.625	1000
34.875	1000
35.125	1000
35.375	1000
35.625	1000
35.875	1000
36.125	1000
36.375	1000
36.625	1000
36.875	1000
37.125	1000
37.375	1000
37.625	1000
37.875	1000
38.125	1000
38.375	1000
38.625	1000
38.875	1000
39.125	1000
39.375	1000
39.625	1000
39.875	1000
40.125	1000
40.375	1000
40.625	1000
40.875	1000
41.125	1000
41.375	1000
41.625	1000
41.875	999.999
42.125	999.999
42.375	999.998
42.625	999.997
42.875	999.996
43.125	999.993
43.375	999.99
43.625	999.985
43.875	999.978
44.125	999.969
44.375	999.957
44.625	999.942
44.875	999.923
45.125	999.899
45.375	999.87
45.625	999.836
45.875	999.797
46.125	999.754
46.375	999.706
46.625	999.655
46.875	999.603
47.125	999.549
47.375	999.497
47.625	999.448
47.875	999.402
48.125	999.363
48.375	999.331
48.625	999.308
48.875	999.293
49.125	999.289
49.375	999.294
49.625	999.309
49.875	999.334
 
0.125	1000.08
0.375	1000.07
0.625	1000.07
0.875	1000.06
1.125	1000.05
1.375	1000.05
1.625	1000.05
1.875	1000.05
2.125	1000.05
2.375	1000.05
2.625	1000.05
2.875	1000.05
3.125	1000.06
3.375	1000.06
3.625	1000.06
3.875	1000.06
4.125	1000.06
4.375	1000.06
4.625	1000.07
4.875	1000.07
5.125	1000.07
5.375	1000.07
5.625	1000.07
5.875	1000.07
6.125	1000.08
6.375	1000.08
6.625	1000.09
6.875	1000.11
7.125	1000.13
7.375	1000.16
7.625	1000.2
7.875	1000.25
8.125	1000.33
8.375	1000.43
8.625	1000.55
8.875	1000.71
9.125	1000.9
9.375	1001.11
9.625	1001.34
9.875	1001.58
10.125	1001.78
10.375	1001.92
10.625	1001.98
10.875	1001.92
11.125	1001.73
11.375	1001.4
11.625	1000.95
11.875	1000.41
12.125	999.835
12.375	999.267
12.625	998.76
12.875	998.357
13.125	998.085
13.375	997.954
13.625	997.956
13.875	998.069
14.125	998.264
14.375	998.506
14.625	998.766
14.875	999.018
15.125	999.245
15.375	999.437
15.625	999.591
15.875	999.707
16.125	999.792
16.375	999.85
16.625	999.888
16.875	999.912
17.125	999.925
17.375	999.932
17.625	999.935
17.875	999.936
18.125	999.935
18.375	999.934
18.625	999.932
18.875	999.93
19.125	999.929
19.375	999.927
19.625	999.926
19.875	999.926
20.125	999.925
20.375	999.925
20.625	999.926
20.875	999.927
21.125	999.928
21.375	999.93
21.625	999.933
21.875	999.936
22.125	999.939
22.375	999.942
22.625	999.946
22.875	999.95
23.125	999.955
23.375	999.959
23.625	999.963
23.875	999.968
24.125	999.971
24.375	999.975
24.625	999.978
24.875	999.98
25.125	999.981
25.375	999.981
25.625	999.979
25.875	999.976
26.125	999.972
26.375	999.965
26.625	999.957
26.875	999.947
27.125	999.934
27.375	999.92
27.625	999.904
27.875	999.886
28.125	999.866
28.375	999.845
28.625	999.823
28.875	999.8
29.125	999.777
29.375	999.754
29.625	999.732
29.875	999.712
30.125	999.694
30.375	999.678
30.625	999.665
30.875	999.656
31.125	999.65
31.375	999.649
31.625	999.653
31.875	999.662
32.125	999.675
32.375	999.693
32.625	999.715
32.875	999.74
33.125	999.77
33.375	999.801
33.625	999.835
33.875	999.869
34.125	999.904
34.375	999.937
34.625	999.968
34.875	999.997
35.125	1000.02
35.375	1000.04
35.625	1000.06
35.875	1000.07
36.125	1000.07
36.375	1000.07
36.625	1000.06
36.875	1000.05
37.125	1000.03
37.375	1000.01
37.625	999.983
37.875	999.956
38.125	999.928
38.375	999.901
38.625	999.875
38.875	999.851
39.125	999.831
39.375	999.816
39.625	999.805
39.875	999.801
40.125	999.803
40.375	999.812
40.625	999.827
40.875	999.848
41.125	999.875
41.375	999.908
41.625	999.945
41.875	999.986
42.125	1000.03
42.375	1000.08
42.625	1000.12
42.875	1000.17
43.125	1000.21
43.375	1000.25
43.625	1000.29
43.875	1000.33
44.125	1000.36
44.375	1000.39
44.625	1000.41
44.875	1000.42
45.125	1000.43
45.375	1000.44
45.625	1000.43
45.875	1000.43
46.125	1000.42
46.375	1000.4
46.625	1000.39
46.875	1000.37
47.125	1000.34
47.375	1000.32
47.625	1000.29
47.875	1000.27
48.125	1000.24
48.375	1000.21
48.625	1000.19
48.875	1000.17
49.125	1000.15
49.375	1000.13
49.625	1000.11
49.875	1000.1
 
0.125	1000.44
0.375	1000.46
0.625	1000.47
0.875	1000.48
1.125	1000.48
1.375	1000.48
1.625	1000.47
1.875	1000.46
2.125	1000.44
2.375	1000.42
2.625	1000.4
2.875	1000.38
3.125	1000.35
3.375	1000.33
3.625	1000.3
3.875	1000.27
4.125	1000.25
4.375	1000.22
4.625	1000.2
4.875	1000.18
5.125	1000.16
5.375	1000.14
5.625	1000.12
5.875	1000.11
6.125	1000.1
6.375	1000.09
6.625	1000.09
6.875	1000.09
7.125	1000.1
7.375	1000.11
7.625	1000.12
7.875	1000.13
8.125	1000.14
8.375	1000.16
8.625	1000.18
8.875	1000.22
9.125	1000.27
9.375	1000.34
9.625	1000.44
9.875	1000.58
10.125	1000.76
10.375	1000.98
10.625	1001.23
10.875	1001.48
11.125	1001.71
11.375	1001.89
11.625	1001.97
11.875	1001.93
12.125	1001.76
12.375	1001.44
12.625	1000.99
12.875	1000.45
13.125	999.868
13.375	999.292
13.625	998.778
13.875	998.369
14.125	998.094
14.375	997.96
14.625	997.962
14.875	998.076
15.125	998.273
15.375	998.518
15.625	998.781
15.875	999.036
16.125	999.266
16.375	999.461
16.625	999.618
16.875	999.737
17.125	999.824
17.375	999.885
17.625	999.926
17.875	999.952
18.125	999.968
18.375	999.978
18.625	999.983
18.875	999.986
19.125	999.987
19.375	999.987
19.625	999.986
19.875	999.985
20.125	999.984
20.375	999.982
20.625	999.98
20.875	999.977
21.125	999.974
21.375	999.97
21.625	999.965
21.875	999.959
22.125	999.951
22.375	999.943
22.625	999.932
22.875	999.921
23.125	999.907
23.375	999.891
23.625	999.873
23.875	999.853
24.125	999.831
24.375	999.807
24.625	999.781
24.875	999.753
25.125	999.724
25.375	999.694
25.625	999.663
25.875	999.632
26.125	999.602
26.375	999.572
26.625	999.544
26.875	999.518
27.125	999.495
27.375	999.475
27.625	999.459
27.875	999.448
28.125	999.441
28.375	999.44
28.625	999.444
28.875	999.453
29.125	999.468
29.375	999.488
29.625	999.514
29.875	999.544
30.125	999.579
30.375	999.618
30.625	999.661
30.875	999.706
31.125	999.753
31.375	999.802
31.625	999.852
31.875	999.902
32.125	999.951
32.375	999.999
32.625	1000.04
32.875	1000.09
33.125	1000.13
33.375	1000.17
33.625	1000.2
33.875	1000.23
34.125	1000.26
34.375	1000.28
34.625	1000.29
34.875	1000.31
35.125	1000.31
35.375	1000.32
35.625	1000.32
35.875	1000.31
36.125	1000.31
36.375	1000.3
36.625	1000.29
36.875	1000.27
37.125	1000.26
37.375	1000.24
37.625	1000.22
37.875	1000.2
38.125	1000.18
38.375	1000.16
38.625	1000.14
38.875	1000.12
39.125	1000.1
39.375	1000.08
39.625	1000.06
39.875	1000.04
40.125	1000.02
40.375	1000
40.625	999.981
40.875	999.962
41.125	999.942
41.375	999.923
41.625	999.903
41.875	999.885
42.125	999.866
42.375	999.849
42.625	999.832
42.875	999.817
43.125	999.803
43.375	999.791
43.625	999.781
43.875	999.774
44.125	999.769
44.375	999.768
44.625	999.77
44.875	999.776
45.125	999.786
45.375	999.8
45.625	999.818
45.875	999.84
46.125	999.865
46.375	999.895
46.625	999.927
46.875	999.963
47.125	1000
47.375	1000.04
47.625	1000.08
47.875	1000.13
48.125	1000.17
48.375	1000.21
48.625	1000.25
48.875	1000.29
49.125	1000.33
49.375	1000.36
49.625	1000.39
49.875	1000.42
 
0.125	999.966
0.375	999.968
0.625	999.969
0.875	999.97
1.125	999.971
1.375	999.971
1.625	999.971
1.875	999.97
2.125	999.968
2.375	999.965
2.625	999.962
2.875	999.958
3.125	999.953
3.375	999.947
3.625	999.94
3.875	999.933
4.125	999.925
4.375	999.917
4.625	999.908
4.875	999.9
5.125	999.892
5.375	999.885
5.625	999.879
5.875	999.874
6.125	999.872
6.375	999.873
6.625	999.878
6.875	999.885
7.125	999.897
7.375	999.911
7.625	999.927
7.875	999.944
8.125	999.961
8.375	999.977
8.625	999.99
8.875	1000
9.125	1000.02
9.375	1000.03
9.625	1000.06
9.875	1000.11
10.125	1000.18
10.375	1000.29
10.625	1000.45
10.875	1000.65
11.125	1000.91
11.375	1001.2
11.625	1001.53
11.875	1001.85
12.125	1002.15
12.375	1002.38
12.625	1002.5
12.875	1002.48
13.125	1002.29
13.375	1001.94
13.625	1001.44
13.875	1000.83
14.125	1000.16
14.375	999.495
14.625	998.884
14.875	998.375
15.125	998.001
15.375	997.776
15.625	997.696
15.875	997.739
16.125	997.879
16.375	998.079
16.625	998.31
16.875	998.542
17.125	998.757
17.375	998.944
17.625	999.098
17.875	999.22
18.125	999.314
18.375	999.386
18.625	999.442
18.875	999.489
19.125	999.529
19.375	999.567
19.625	999.605
19.875	999.643
20.125	999.683
20.375	999.725
20.625	999.769
20.875	999.814
21.125	999.859
21.375	999.905
21.625	999.951
21.875	999.996
22.125	1000.04
22.375	1000.08
22.625	1000.12
22.875	1000.16
23.125	1000.19
23.375	1000.22
23.625	1000.25
23.875	1000.27
24.125	1000.29
24.375	1000.3
24.625	1000.31
24.875	1000.32
25.125	1000.32
25.375	1000.32
25.625	1000.32
25.875	1000.31
26.125	1000.31
26.375	1000.3
26.625	1000.28
26.875	1000.27
27.125	1000.25
27.375	1000.24
27.625	1000.22
27.875	1000.21
28.125	1000.19
28.375	1000.17
28.625	1000.16
28.875	1000.14
29.125	1000.13
29.375	1000.12
29.625	1000.11
29.875	1000.1
30.125	1000.09
30.375	1000.08
30.625	1000.07
30.875	1000.07
31.125	1000.06
31.375	1000.06
31.625	1000.06
31.875	1000.05
32.125	1000.05
32.375	1000.05
32.625	1000.05
32.875	1000.05
33.125	1000.05
33.375	1000.05
33.625	1000.05
33.875	1000.05
34.125	1000.05
34.375	1000.05
34.625	1000.04
34.875	1000.04
35.125	1000.04
35.375	1000.04
35.625	1000.04
35.875	1000.04
36.125	1000.04
36.375	1000.03
36.625	1000.03
36.875	1000.03
37.125	1000.03
37.375	1000.03
37.625	1000.02
37.875	1000.02
38.125	1000.02
38.375	1000.02
38.625	1000.02
38.875	1000.01
39.125	1000.01
39.375	1000.01
39.625	1000.01
39.875	1000.01
40.125	1000
40.375	1000
40.625	999.999
40.875	999.997
41.125	999.995
41.375	999.993
41.625	999.99
41.875	999.988
42.125	999.986
42.375	999.984
42.625	999.981
42.875	999.979
43.125	999.977
43.375	999.974
43.625	999.972
43.875	999.97
44.125	999.967
44.375	999.965
44.625	999.963
44.875	999.961
45.125	999.959
45.375	999.957
45.625	999.955
45.875	999.954
46.125	999.953
46.375	999.952
46.625	999.951
46.875	999.951
47.125	999.951
47.375	999.951
47.625	999.951
47.875	999.952
48.125	999.953
48.375	999.954
48.625	999.956
48.875	999.957
49.125	999.959
49.375	999.961
49.625	999.963
49.875	999.965
 
0.125	1000.07
0.375	1000.07
0.625	1000.06
0.875	1000.06
1.125	1000.05
1.375	1000.05
1.625	1000.04
1.875	1000.03
2.125	1000.02
2.375	1000.02
2.625	1000.01
2.875	999.998
3.125	999.988
3.375	999.979
3.625	999.969
3.875	999.958
4.125	999.948
4.375	999.937
4.625	999.926
4.875	999.915
5.125	999.904
5.375	999.893
5.625	999.883
5.875	999.873
6.125	999.864
6.375	999.856
6.625	999.85
6.875	999.844
7.125	999.84
7.375	999.836
7.625	999.831
7.875	999.824
8.125	999.813
8.375	999.796
8.625	999.773
8.875	999.743
9.125	999.707
9.375	999.667
9.625	999.625
9.875	999.585
10.125	999.554
10.375	999.536
10.625	999.537
10.875	999.563
11.125	999.62
11.375	999.713
11.625	999.846
11.875	1000.02
12.125	1000.24
12.375	1000.49
12.625	1000.76
12.875	1001.04
13.125	1001.29
13.375	1001.49
13.625	1001.6
13.875	1001.6
14.125	1001.48
14.375	1001.23
14.625	1000.87
14.875	1000.42
15.125	999.92
15.375	999.423
15.625	998.971
15.875	998.602
16.125	998.346
16.375	998.215
16.625	998.206
16.875	998.304
17.125	998.482
17.375	998.71
17.625	998.96
17.875	999.206
18.125	999.43
18.375	999.623
18.625	999.78
18.875	999.904
19.125	999.997
19.375	1000.07
19.625	1000.12
19.875	1000.15
20.125	1000.18
20.375	1000.2
20.625	1000.22
20.875	1000.24
21.125	1000.25
21.375	1000.26
21.625	1000.28
21.875	1000.29
22.125	1000.3
22.375	1000.3
22.625	1000.31
22.875	1000.31
23.125	1000.31
23.375	1000.31
23.625	1000.31
23.875	1000.31
24.125	1000.3
24.375	1000.29
24.625	1000.28
24.875	1000.27
25.125	1000.25
25.375	1000.24
25.625	1000.22
25.875	1000.21
26.125	1000.19
26.375	1000.17
26.625	1000.16
26.875	1000.14
27.125	1000.12
27.375	1000.11
27.625	1000.09
27.875	1000.08
28.125	1000.06
28.375	1000.05
28.625	1000.04
28.875	1000.03
29.125	1000.02
29.375	1000.01
29.625	1000
29.875	999.998
30.125	999.992
30.375	999.988
30.625	999.985
30.875	999.983
31.125	999.981
31.375	999.98
31.625	999.98
31.875	999.98
32.125	999.98
32.375	999.981
32.625	999.982
32.875	999.984
33.125	999.985
33.375	999.987
33.625	999.989
33.875	999.99
34.125	999.992
34.375	999.994
34.625	999.995
34.875	999.997
35.125	999.998
35.375	999.999
35.625	1000
35.875	1000
36.125	1000
36.375	1000
36.625	1000
36.875	1000
37.125	1000
37.375	1000
37.625	1000
37.875	1000
38.125	1000
38.375	1000.01
38.625	1000.01
38.875	1000.01
39.125	1000.01
39.375	1000.01
39.625	1000.01
39.875	1000.01
40.125	1000.01
40.375	1000.01
40.625	1000.01
40.875	1000.01
41.125	1000.01
41.375	1000.01
41.625	1000.01
41.875	1000.01
42.125	1000.02
42.375	1000.02
42.625	1000.02
42.875	1000.02
43.125	1000.03
43.375	1000.03
43.625	1000.03
43.875	1000.04
44.125	1000.04
44.375	1000.04
44.625	1000.05
44.875	1000.05
45.125	1000.06
45.375	1000.06
45.625	1000.06
45.875	1000.07
46.125	1000.07
46.375	1000.07
46.625	1000.08
46.875	1000.08
47.125	1000.08
47.375	1000.09
47.625	1000.09
47.875	1000.09
48.125	1000.09
48.375	1000.09
48.625	1000.09
48.875	1000.09
49.125	1000.09
49.375	1000.08
49.625	1000.08
49.875	1000.08
 
0.125	999.622
0.375	999.611
0.625	999.602
0.875	999.594
1.125	999.587
1.375	999.583
1.625	999.58
1.875	999.579
2.125	999.581
2.375	999.584
2.625	999.59
2.875	999.598
3.125	999.609
3.375	999.622
3.625	999.637
3.875	999.654
4.125	999.674
4.375	999.695
4.625	999.718
4.875	999.743
5.125	999.77
5.375	999.798
5.625	999.828
5.875	999.859
6.125	999.892
6.375	999.927
6.625	999.964
6.875	1000
7.125	1000.04
7.375	1000.08
7.625	1000.11
7.875	1000.15
8.125	1000.18
8.375	1000.2
8.625	1000.21
8.875	1000.21
9.125	1000.21
9.375	1000.2
9.625	1000.18
9.875	1000.16
10.125	1000.14
10.375	1000.12
10.625	1000.12
10.875	1000.12
11.125	1000.13
11.375	1000.15
11.625	1000.19
11.875	1000.24
12.125	1000.32
12.375	1000.43
12.625	1000.56
12.875	1000.74
13.125	1000.94
13.375	1001.18
13.625	1001.43
13.875	1001.68
14.125	1001.9
14.375	1002.06
14.625	1002.11
14.875	1002.04
15.125	1001.84
15.375	1001.49
15.625	1001.02
15.875	1000.46
16.125	999.86
16.375	999.278
16.625	998.763
16.875	998.356
17.125	998.085
17.375	997.958
17.625	997.966
17.875	998.087
18.125	998.29
18.375	998.541
18.625	998.81
18.875	999.071
19.125	999.306
19.375	999.506
19.625	999.667
19.875	999.791
20.125	999.882
20.375	999.947
20.625	999.992
20.875	1000.02
21.125	1000.04
21.375	1000.06
21.625	1000.06
21.875	1000.07
22.125	1000.07
22.375	1000.08
22.625	1000.08
22.875	1000.08
23.125	1000.08
23.375	1000.08
23.625	1000.08
23.875	1000.07
24.125	1000.07
24.375	1000.07
24.625	1000.06
24.875	1000.06
25.125	1000.05
25.375	1000.05
25.625	1000.04
25.875	1000.03
26.125	1000.02
26.375	1000.02
26.625	1000.01
26.875	1000
27.125	999.993
27.375	999.986
27.625	999.978
27.875	999.972
28.125	999.966
28.375	999.961
28.625	999.957
28.875	999.954
29.125	999.952
29.375	999.952
29.625	999.953
29.875	999.955
30.125	999.959
30.375	999.965
30.625	999.972
30.875	999.982
31.125	999.992
31.375	1000
31.625	1000.02
31.875	1000.03
32.125	1000.05
32.375	1000.07
32.625	1000.08
32.875	1000.1
33.125	1000.12
33.375	1000.14
33.625	1000.16
33.875	1000.18
34.125	1000.2
34.375	1000.22
34.625	1000.23
34.875	1000.25
35.125	1000.27
35.375	1000.28
35.625	1000.29
35.875	1000.3
36.125	1000.31
36.375	1000.31
36.625	1000.32
36.875	1000.32
37.125	1000.32
37.375	1000.32
37.625	1000.31
37.875	1000.31
38.125	1000.3
38.375	1000.29
38.625	1000.28
38.875	1000.26
39.125	1000.25
39.375	1000.23
39.625	1000.22
39.875	1000.2
40.125	1000.18
40.375	1000.16
40.625	1000.15
40.875	1000.13
41.125	1000.11
41.375	1000.09
41.625	1000.07
41.875	1000.06
42.125	1000.04
42.375	1000.03
42.625	1000.01
42.875	999.995
43.125	999.98
43.375	999.966
43.625	999.953
43.875	999.94
44.125	999.928
44.375	999.916
44.625	999.904
44.875	999.892
45.125	999.881
45.375	999.869
45.625	999.858
45.875	999.846
46.125	999.834
46.375	999.822
46.625	999.81
46.875	999.797
47.125	999.784
47.375	999.771
47.625	999.757
47.875	999.743
48.125	999.729
48.375	999.715
48.625	999.701
48.875	999.686
49.125	999.672
49.375	999.659
49.625	999.646
49.875	999.633
 
0.125	1000.39
0.375	1000.4
0.625	1000.4
0.875	1000.39
1.125	1000.39
1.375	1000.38
1.625	1000.37
1.875	1000.35
2.125	1000.34
2.375	1000.32
2.625	1000.31
2.875	1000.29
3.125	1000.27
3.375	1000.25
3.625	1000.23
3.875	1000.22
4.125	1000.2
4.375	1000.18
4.625	1000.16
4.875	1000.14
5.125	1000.13
5.375	1000.12
5.625	1000.1
5.875	1000.09
6.125	1000.09
6.375	1000.08
6.625	1000.08
6.875	1000.08
7.125	1000.09
7.375	1000.09
7.625	1000.1
7.875	1000.1
8.125	1000.11
8.375	1000.11
8.625	1000.1
8.875	1000.08
9.125	1000.06
9.375	1000.04
9.625	1000.01
9.875	999.983
10.125	999.957
10.375	999.936
10.625	999.922
10.875	999.916
11.125	999.918
11.375	999.927
11.625	999.943
11.875	999.964
12.125	999.992
12.375	1000.03
12.625	1000.07
12.875	1000.13
13.125	1000.21
13.375	1000.31
13.625	1000.45
13.875	1000.63
14.125	1000.84
14.375	1001.08
14.625	1001.35
14.875	1001.61
15.125	1001.85
15.375	1002.02
15.625	1002.09
15.875	1002.05
16.125	1001.85
16.375	1001.52
16.625	1001.06
16.875	1000.51
17.125	999.912
17.375	999.327
17.625	998.806
17.875	998.391
18.125	998.111
18.375	997.974
18.625	997.973
18.875	998.084
19.125	998.279
19.375	998.522
19.625	998.783
19.875	999.037
20.125	999.266
20.375	999.46
20.625	999.616
20.875	999.735
21.125	999.822
21.375	999.883
21.625	999.924
21.875	999.951
22.125	999.969
22.375	999.98
22.625	999.986
22.875	999.991
23.125	999.994
23.375	999.997
23.625	999.999
23.875	1000
24.125	1000
24.375	1000.01
24.625	1000.01
24.875	1000.01
25.125	1000.01
25.375	1000.01
25.625	1000.02
25.875	1000.02
26.125	1000.02
26.375	1000.02
26.625	1000.02
26.875	1000.03
27.125	1000.03
27.375	1000.03
27.625	1000.03
27.875	1000.03
28.125	1000.03
28.375	1000.03
28.625	1000.03
28.875	1000.03
29.125	1000.03
29.375	1000.03
29.625	1000.03
29.875	1000.03
30.125	1000.03
30.375	1000.03
30.625	1000.03
30.875	1000.02
31.125	1000.02
31.375	1000.02
31.625	1000.02
31.875	1000.02
32.125	1000.01
32.375	1000.01
32.625	1000.01
32.875	1000
33.125	999.997
33.375	999.992
33.625	999.987
33.875	999.981
34.125	999.975
34.375	999.968
34.625	999.96
34.875	999.952
35.125	999.942
35.375	999.932
35.625	999.922
35.875	999.91
36.125	999.897
36.375	999.884
36.625	999.87
36.875	999.855
37.125	999.839
37.375	999.822
37.625	999.804
37.875	999.786
38.125	999.768
38.375	999.749
38.625	999.731
38.875	999.712
39.125	999.693
39.375	999.675
39.625	999.658
39.875	999.642
40.125	999.626
40.375	999.612
40.625	999.6
40.875	999.59
41.125	999.582
41.375	999.576
41.625	999.573
41.875	999.572
42.125	999.574
42.375	999.58
42.625	999.588
42.875	999.599
43.125	999.614
43.375	999.632
43.625	999.652
43.875	999.676
44.125	999.702
44.375	999.731
44.625	999.763
44.875	999.796
45.125	999.831
45.375	999.868
45.625	999.906
45.875	999.944
46.125	999.983
46.375	1000.02
46.625	1000.06
46.875	1000.1
47.125	1000.14
47.375	1000.17
47.625	1000.2
47.875	1000.24
48.125	1000.26
48.375	1000.29
48.625	1000.32
48.875	1000.34
49.125	1000.35
49.375	1000.37
49.625	1000.38
49.875	1000.39
 
0.125	1000.08
0.375	1000.08
0.625	1000.08
0.875	1000.07
1.125	1000.07
1.375	1000.07
1.625	1000.06
1.875	1000.06
2.125	1000.06
2.375	1000.05
2.625	1000.05
2.875	1000.04
3.125	1000.04
3.375	1000.03
3.625	1000.03
3.875	1000.02
4.125	1000.02
4.375	1000.02
4.625	1000.01
4.875	1000.01
5.125	1000.01
5.375	1000.01
5.625	1000.01
5.875	1000.01
6.125	1000.02
6.375	1000.03
6.625	1000.04
6.875	1000.05
7.125	1000.07
7.375	1000.09
7.625	1000.1
7.875	1000.12
8.125	1000.14
8.375	1000.15
8.625	1000.15
8.875	1000.15
9.125	1000.14
9.375	1000.13
9.625	1000.11
9.875	1000.09
10.125	1000.08
10.375	1000.07
10.625	1000.06
10.875	1000.07
11.125	1000.08
11.375	1000.09
11.625	1000.11
11.875	1000.14
12.125	1000.16
12.375	1000.18
12.625	1000.21
12.875	1000.23
13.125	1000.25
13.375	1000.28
13.625	1000.32
13.875	1000.37
14.125	1000.44
14.375	1000.54
14.625	1000.67
14.875	1000.83
15.125	1001.04
15.375	1001.27
15.625	1001.52
15.875	1001.77
16.125	1001.99
16.375	1002.15
16.625	1002.21
16.875	1002.14
17.125	1001.94
17.375	1001.59
17.625	1001.13
17.875	1000.57
18.125	999.979
18.375	999.397
18.625	998.88
18.875	998.468
19.125	998.188
19.375	998.05
19.625	998.046
19.875	998.153
20.125	998.341
20.375	998.578
20.625	998.833
20.875	999.08
21.125	999.302
21.375	999.489
21.625	999.638
21.875	999.75
22.125	999.829
22.375	999.883
22.625	999.915
22.875	999.933
23.125	999.941
23.375	999.942
23.625	999.938
23.875	999.931
24.125	999.922
24.375	999.912
24.625	999.901
24.875	999.89
25.125	999.878
25.375	999.865
25.625	999.852
25.875	999.839
26.125	999.825
26.375	999.812
26.625	999.798
26.875	999.783
27.125	999.769
27.375	999.755
27.625	999.741
27.875	999.727
28.125	999.714
28.375	999.7
28.625	999.688
28.875	999.676
29.125	999.664
29.375	999.654
29.625	999.645
29.875	999.636
30.125	999.629
30.375	999.624
30.625	999.619
30.875	999.616
31.125	999.615
31.375	999.616
31.625	999.618
31.875	999.622
32.125	999.628
32.375	999.635
32.625	999.644
32.875	999.655
33.125	999.667
33.375	999.681
33.625	999.697
33.875	999.713
34.125	999.731
34.375	999.75
34.625	999.77
34.875	999.791
35.125	999.812
35.375	999.833
35.625	999.855
35.875	999.876
36.125	999.897
36.375	999.918
36.625	999.939
36.875	999.959
37.125	999.978
37.375	999.996
37.625	1000.01
37.875	1000.03
38.125	1000.04
38.375	1000.06
38.625	1000.07
38.875	1000.08
39.125	1000.09
39.375	1000.1
39.625	1000.1
39.875	1000.11
40.125	1000.11
40.375	1000.12
40.625	1000.12
40.875	1000.12
41.125	1000.12
41.375	1000.12
41.625	1000.12
41.875	1000.12
42.125	1000.11
42.375	1000.11
42.625	1000.11
42.875	1000.1
43.125	1000.1
43.375	1000.1
43.625	1000.1
43.875	1000.09
44.125	1000.09
44.375	1000.09
44.625	1000.09
44.875	1000.08
45.125	1000.08
45.375	1000.08
45.625	1000.08
45.875	1000.08
46.125	1000.08
46.375	1000.08
46.625	1000.08
46.875	1000.08
47.125	1000.08
47.375	1000.08
47.625	1000.08
47.875	1000.08
48.125	1000.08
48.375	1000.08
48.625	1000.08
48.875	1000.08
49.125	1000.08
49.375	1000.08
49.625	1000.08
49.875	1000.08
 
0.125	999.985
0.375	999.978
0.625	999.981
0.875	999.981
1.125	999.981
1.375	999.981
1.625	999.982
1.875	999.983
2.125	999.984
2.375	999.986
2.625	999.988
2.875	999.991
3.125	999.993
3.375	999.996
3.625	1000
3.875	1000
4.125	1000.01
4.375	1000.01
4.625	1000.02
4.875	1000.02
5.125	1000.03
5.375	1000.04
5.625	1000.04
5.875	1000.05
6.125	1000.06
6.375	1000.08
6.625	1000.09
6.875	1000.11
7.125	1000.13
7.375	1000.14
7.625	1000.16
7.875	1000.18
8.125	1000.19
8.375	1000.2
8.625	1000.2
8.875	1000.19
9.125	1000.18
9.375	1000.16
9.625	1000.13
9.875	1000.11
10.125	1000.09
10.375	1000.07
10.625	1000.05
10.875	1000.05
11.125	1000.05
11.375	1000.05
11.625	1000.06
11.875	1000.08
12.125	1000.09
12.375	1000.1
12.625	1000.11
12.875	1000.12
13.125	1000.12
13.375	1000.12
13.625	1000.12
13.875	1000.13
14.125	1000.13
14.375	1000.14
14.625	1000.17
14.875	1000.2
15.125	1000.26
15.375	1000.35
15.625	1000.47
15.875	1000.63
16.125	1000.82
16.375	1001.05
16.625	1001.29
16.875	1001.53
17.125	1001.73
17.375	1001.87
17.625	1001.91
17.875	1001.82
18.125	1001.59
18.375	1001.21
18.625	1000.71
18.875	1000.12
19.125	999.494
19.375	998.885
19.625	998.348
19.875	997.927
20.125	997.649
20.375	997.523
20.625	997.539
20.875	997.673
21.125	997.892
21.375	998.161
21.625	998.448
21.875	998.726
22.125	998.977
22.375	999.191
22.625	999.366
22.875	999.503
23.125	999.607
23.375	999.685
23.625	999.743
23.875	999.786
24.125	999.82
24.375	999.847
24.625	999.87
24.875	999.891
25.125	999.91
25.375	999.928
25.625	999.946
25.875	999.963
26.125	999.979
26.375	999.995
26.625	1000.01
26.875	1000.02
27.125	1000.04
27.375	1000.05
27.625	1000.06
27.875	1000.07
28.125	1000.08
28.375	1000.09
28.625	1000.1
28.875	1000.11
29.125	1000.12
29.375	1000.12
29.625	1000.12
29.875	1000.13
30.125	1000.13
30.375	1000.13
30.625	1000.13
30.875	1000.13
31.125	1000.13
31.375	1000.13
31.625	1000.13
31.875	1000.13
32.125	1000.12
32.375	1000.12
32.625	1000.12
32.875	1000.11
33.125	1000.11
33.375	1000.11
33.625	1000.1
33.875	1000.1
34.125	1000.09
34.375	1000.09
34.625	1000.09
34.875	1000.08
35.125	1000.08
35.375	1000.07
35.625	1000.07
35.875	1000.07
36.125	1000.06
36.375	1000.06
36.625	1000.06
36.875	1000.06
37.125	1000.05
37.375	1000.05
37.625	1000.05
37.875	1000.05
38.125	1000.05
38.375	1000.04
38.625	1000.04
38.875	1000.04
39.125	1000.04
39.375	1000.04
39.625	1000.04
39.875	1000.04
40.125	1000.04
40.375	1000.03
40.625	1000.03
40.875	1000.03
41.125	1000.03
41.375	1000.03
41.625	1000.03
41.875	1000.03
42.125	1000.03
42.375	1000.03
42.625	1000.03
42.875	1000.03
43.125	1000.03
43.375	1000.02
43.625	1000.02
43.875	1000.02
44.125	1000.02
44.375	1000.02
44.625	1000.02
44.875	1000.02
45.125	1000.02
45.375	1000.01
45.625	1000.01
45.875	1000.01
46.125	1000.01
46.375	1000.01
46.625	1000
46.875	1000
47.125	1000
47.375	999.999
47.625	999.997
47.875	999.995
48.125	999.993
48.375	999.992
48.625	999.99
48.875	999.988
49.125	999.987
49.375	999.985
49.625	999.984
49.875	999.988
 
0.125	1000.16
0.375	1000.05
0.625	1000.11
0.875	1000.11
1.125	1000.11
1.375	1000.1
1.625	1000.1
1.875	1000.1
2.125	1000.1
2.375	1000.09
2.625	1000.09
2.875	1000.08
3.125	1000.08
3.375	1000.07
3.625	1000.07
3.875	1000.06
4.125	1000.06
4.375	1000.05
4.625	1000.04
4.875	1000.04
5.125	1000.03
5.375	1000.02
5.625	1000.02
5.875	1000.01
6.125	1000.01
6.375	1000
6.625	1000
6.875	1000
7.125	1000.01
7.375	1000.01
7.625	1000.01
7.875	1000.01
8.125	1000
8.375	999.993
8.625	999.976
8.875	999.952
9.125	999.921
9.375	999.884
9.625	999.843
9.875	999.801
10.125	999.762
10.375	999.727
10.625	999.698
10.875	999.677
11.125	999.664
11.375	999.657
11.625	999.655
11.875	999.656
12.125	999.658
12.375	999.66
12.625	999.661
12.875	999.661
13.125	999.659
13.375	999.656
13.625	999.652
13.875	999.648
14.125	999.644
14.375	999.642
14.625	999.643
14.875	999.648
15.125	999.658
15.375	999.678
15.625	999.711
15.875	999.761
16.125	999.836
16.375	999.94
16.625	1000.08
16.875	1000.26
17.125	1000.48
17.375	1000.74
17.625	1001.02
17.875	1001.31
18.125	1001.57
18.375	1001.77
18.625	1001.89
18.875	1001.89
19.125	1001.76
19.375	1001.49
19.625	1001.09
19.875	1000.61
20.125	1000.07
20.375	999.541
20.625	999.062
20.875	998.677
21.125	998.414
21.375	998.285
21.625	998.283
21.875	998.389
22.125	998.574
22.375	998.806
22.625	999.054
22.875	999.295
23.125	999.511
23.375	999.692
23.625	999.835
23.875	999.942
24.125	1000.02
24.375	1000.06
24.625	1000.09
24.875	1000.11
25.125	1000.11
25.375	1000.11
25.625	1000.1
25.875	1000.1
26.125	1000.09
26.375	1000.08
26.625	1000.07
26.875	1000.06
27.125	1000.05
27.375	1000.04
27.625	1000.04
27.875	1000.03
28.125	1000.02
28.375	1000.02
28.625	1000.01
28.875	1000.01
29.125	1000.01
29.375	1000
29.625	1000
29.875	1000
30.125	1000
30.375	1000
30.625	1000
30.875	1000
31.125	1000.01
31.375	1000.01
31.625	1000.01
31.875	1000.02
32.125	1000.02
32.375	1000.03
32.625	1000.03
32.875	1000.03
33.125	1000.04
33.375	1000.04
33.625	1000.05
33.875	1000.05
34.125	1000.06
34.375	1000.06
34.625	1000.06
34.875	1000.06
35.125	1000.07
35.375	1000.07
35.625	1000.07
35.875	1000.07
36.125	1000.07
36.375	1000.07
36.625	1000.07
36.875	1000.07
37.125	1000.07
37.375	1000.07
37.625	1000.07
37.875	1000.06
38.125	1000.06
38.375	1000.06
38.625	1000.06
38.875	1000.05
39.125	1000.05
39.375	1000.05
39.625	1000.04
39.875	1000.04
40.125	1000.04
40.375	1000.03
40.625	1000.03
40.875	1000.03
41.125	1000.03
41.375	1000.03
41.625	1000.03
41.875	1000.03
42.125	1000.03
42.375	1000.03
42.625	1000.03
42.875	1000.03
43.125	1000.03
43.375	1000.03
43.625	1000.03
43.875	1000.04
44.125	1000.04
44.375	1000.04
44.625	1000.05
44.875	1000.05
45.125	1000.05
45.375	1000.06
45.625	1000.06
45.875	1000.07
46.125	1000.07
46.375	1000.07
46.625	1000.08
46.875	1000.08
47.125	1000.09
47.375	1000.09
47.625	1000.09
47.875	1000.1
48.125	1000.1
48.375	1000.1
48.625	1000.1
48.875	1000.11
49.125	1000.11
49.375	1000.11
49.625	1000.11
49.875	1000.19
 
